0 10 2 28
0 10 3 32
0 10 4 36
0 10 5 40
0 10 6 44
0 10 7 48
0 10 8 52
0 10 9 56
0 10 10 60
0 10 11 64
0 10 12 68
0 10 13 72
0 10 14 76
0 10 15 80
0 10 16 84
0 10 17 88
0 10 18 92
0 10 19 96
0 10 20 100
0 10 21 104
0 11 2 30
0 11 3 34
0 11 4 38
0 11 5 42
0 11 6 46
0 11 7 50
0 11 8 54
0 11 9 58
0 11 10 62
0 11 11 66
0 11 12 70
0 11 13 74
0 11 14 78
0 11 15 82
0 11 16 86
0 11 17 90
0 11 18 94
0 11 19 98
0 11 20 102
0 11 21 106
0 12 2 32
0 12 3 36
0 12 4 40
0 12 5 44
0 12 6 48
0 12 7 52
0 12 8 56
0 12 9 60
0 12 10 64
0 12 11 68
0 12 12 72
0 12 13 76
0 12 14 80
0 12 15 84
0 12 16 88
0 12 17 92
0 12 18 96
0 12 19 100
0 12 20 104
0 12 21 108
0 13 2 34
0 13 3 38
0 13 4 42
0 13 5 46
0 13 6 50
0 13 7 54
0 13 8 58
0 13 9 62
0 13 10 66
0 13 11 70
0 13 12 74
0 13 13 78
0 13 14 82
0 13 15 86
0 13 16 90
0 13 17 94
0 13 18 98
0 13 19 102
0 13 20 106
0 13 21 110
0 14 2 36
0 14 3 40
0 14 4 44
0 14 5 48
0 14 6 52
0 14 7 56
0 14 8 60
0 14 9 64
0 14 10 68
0 14 11 72
0 14 12 76
0 14 13 80
0 14 14 84
0 14 15 88
0 14 16 92
0 14 17 96
0 14 18 100
0 14 19 104
0 14 20 108
0 14 21 112
0 15 2 38
0 15 3 42
0 15 4 46
0 15 5 50
0 15 6 54
0 15 7 58
0 15 8 62
0 15 9 66
0 15 10 70
0 15 11 74
0 15 12 78
0 15 13 82
0 15 14 86
0 15 15 90
0 15 16 94
0 15 17 98
0 15 18 102
0 15 19 106
0 15 20 110
0 15 21 114
0 16 2 40
0 16 3 44
0 16 4 48
0 16 5 52
0 16 6 56
0 16 7 60
0 16 8 64
0 16 9 68
0 16 10 72
0 16 11 76
0 16 12 80
0 16 13 84
0 16 14 88
0 16 15 92
0 16 16 96
0 16 17 100
0 16 18 104
0 16 19 108
0 16 20 112
0 16 21 116
0 17 2 42
0 17 3 46
0 17 4 50
0 17 5 54
0 17 6 58
0 17 7 62
0 17 8 66
0 17 9 70
0 17 10 74
0 17 11 78
0 17 12 82
0 17 13 86
0 17 14 90
0 17 15 94
0 17 16 98
0 17 17 102
0 17 18 106
0 17 19 110
0 17 20 114
0 17 21 118
0 18 2 44
0 18 3 48
0 18 4 52
0 18 5 56
0 18 6 60
0 18 7 64
0 18 8 68
0 18 9 72
0 18 10 76
0 18 11 80
0 18 12 84
0 18 13 88
0 18 14 92
0 18 15 96
0 18 16 100
0 18 17 104
0 18 18 108
0 18 19 112
0 18 20 116
0 18 21 120
0 19 2 46
0 19 3 50
0 19 4 54
0 19 5 58
0 19 6 62
0 19 7 66
0 19 8 70
0 19 9 74
0 19 10 78
0 19 11 82
0 19 12 86
0 19 13 90
0 19 14 94
0 19 15 98
0 19 16 102
0 19 17 106
0 19 18 110
0 19 19 114
0 19 20 118
0 19 21 122
0 20 2 48
0 20 3 52
0 20 4 56
0 20 5 60
0 20 6 64
0 20 7 68
0 20 8 72
0 20 9 76
0 20 10 80
0 20 11 84
0 20 12 88
0 20 13 92
0 20 14 96
0 20 15 100
0 20 16 104
0 20 17 108
0 20 18 112
0 20 19 116
0 20 20 120
0 20 21 124
0 21 2 50
0 21 3 54
0 21 4 58
0 21 5 62
0 21 6 66
0 21 7 70
0 21 8 74
0 21 9 78
0 21 10 82
0 21 11 86
0 21 12 90
0 21 13 94
0 21 14 98
0 21 15 102
0 21 16 106
0 21 17 110
0 21 18 114
0 21 19 118
0 21 20 122
0 21 21 126
0 22 2 52
0 22 3 56
0 22 4 60
0 22 5 64
0 22 6 68
0 22 7 72
0 22 8 76
0 22 9 80
0 22 10 84
0 22 11 88
0 22 12 92
0 22 13 96
0 22 14 100
0 22 15 104
0 22 16 108
0 22 17 112
0 22 18 116
0 22 19 120
0 22 20 124
0 22 21 128
0 23 2 54
0 23 3 58
0 23 4 62
0 23 5 66
0 23 6 70
0 23 7 74
0 23 8 78
0 23 9 82
0 23 10 86
0 23 11 90
0 23 12 94
0 23 13 98
0 23 14 102
0 23 15 106
0 23 16 110
0 23 17 114
0 23 18 118
0 23 19 122
0 23 20 126
0 23 21 130
0 24 2 56
0 24 3 60
0 24 4 64
0 24 5 68
0 24 6 72
0 24 7 76
0 24 8 80
0 24 9 84
0 24 10 88
0 24 11 92
0 24 12 96
0 24 13 100
0 24 14 104
0 24 15 108
0 24 16 112
0 24 17 116
0 24 18 120
0 24 19 124
0 24 20 128
0 24 21 132
0 25 2 58
0 25 3 62
0 25 4 66
0 25 5 70
0 25 6 74
0 25 7 78
0 25 8 82
0 25 9 86
0 25 10 90
0 25 11 94
0 25 12 98
0 25 13 102
0 25 14 106
0 25 15 110
0 25 16 114
0 25 17 118
0 25 18 122
0 25 19 126
0 25 20 130
0 25 21 134
0 26 2 60
0 26 3 64
0 26 4 68
0 26 5 72
0 26 6 76
0 26 7 80
0 26 8 84
0 26 9 88
0 26 10 92
0 26 11 96
0 26 12 100
0 26 13 104
0 26 14 108
0 26 15 112
0 26 16 116
0 26 17 120
0 26 18 124
0 26 19 128
0 26 20 132
0 26 21 136
0 27 2 62
0 27 3 66
0 27 4 70
0 27 5 74
0 27 6 78
0 27 7 82
0 27 8 86
0 27 9 90
0 27 10 94
0 27 11 98
0 27 12 102
0 27 13 106
0 27 14 110
0 27 15 114
0 27 16 118
0 27 17 122
0 27 18 126
0 27 19 130
0 27 20 134
0 27 21 138
0 28 2 64
0 28 3 68
0 28 4 72
0 28 5 76
0 28 6 80
0 28 7 84
0 28 8 88
0 28 9 92
0 28 10 96
0 28 11 100
0 28 12 104
0 28 13 108
0 28 14 112
0 28 15 116
0 28 16 120
0 28 17 124
0 28 18 128
0 28 19 132
0 28 20 136
0 28 21 140
0 29 2 66
0 29 3 70
0 29 4 74
0 29 5 78
0 29 6 82
0 29 7 86
0 29 8 90
0 29 9 94
0 29 10 98
0 29 11 102
0 29 12 106
0 29 13 110
0 29 14 114
0 29 15 118
0 29 16 122
0 29 17 126
0 29 18 130
0 29 19 134
0 29 20 138
0 29 21 142
1 10 2 31
1 10 3 35
1 10 4 39
1 10 5 43
1 10 6 47
1 10 7 51
1 10 8 55
1 10 9 59
1 10 10 63
1 10 11 67
1 10 12 71
1 10 13 75
1 10 14 79
1 10 15 83
1 10 16 87
1 10 17 91
1 10 18 95
1 10 19 99
1 10 20 103
1 10 21 107
1 11 2 33
1 11 3 37
1 11 4 41
1 11 5 45
1 11 6 49
1 11 7 53
1 11 8 57
1 11 9 61
1 11 10 65
1 11 11 69
1 11 12 73
1 11 13 77
1 11 14 81
1 11 15 85
1 11 16 89
1 11 17 93
1 11 18 97
1 11 19 101
1 11 20 105
1 11 21 109
1 12 2 35
1 12 3 39
1 12 4 43
1 12 5 47
1 12 6 51
1 12 7 55
1 12 8 59
1 12 9 63
1 12 10 67
1 12 11 71
1 12 12 75
1 12 13 79
1 12 14 83
1 12 15 87
1 12 16 91
1 12 17 95
1 12 18 99
1 12 19 103
1 12 20 107
1 12 21 111
1 13 2 37
1 13 3 41
1 13 4 45
1 13 5 49
1 13 6 53
1 13 7 57
1 13 8 61
1 13 9 65
1 13 10 69
1 13 11 73
1 13 12 77
1 13 13 81
1 13 14 85
1 13 15 89
1 13 16 93
1 13 17 97
1 13 18 101
1 13 19 105
1 13 20 109
1 13 21 113
1 14 2 39
1 14 3 43
1 14 4 47
1 14 5 51
1 14 6 55
1 14 7 59
1 14 8 63
1 14 9 67
1 14 10 71
1 14 11 75
1 14 12 79
1 14 13 83
1 14 14 87
1 14 15 91
1 14 16 95
1 14 17 99
1 14 18 103
1 14 19 107
1 14 20 111
1 14 21 115
1 15 2 41
1 15 3 45
1 15 4 49
1 15 5 53
1 15 6 57
1 15 7 61
1 15 8 65
1 15 9 69
1 15 10 73
1 15 11 77
1 15 12 81
1 15 13 85
1 15 14 89
1 15 15 93
1 15 16 97
1 15 17 101
1 15 18 105
1 15 19 109
1 15 20 113
1 15 21 117
1 16 2 43
1 16 3 47
1 16 4 51
1 16 5 55
1 16 6 59
1 16 7 63
1 16 8 67
1 16 9 71
1 16 10 75
1 16 11 79
1 16 12 83
1 16 13 87
1 16 14 91
1 16 15 95
1 16 16 99
1 16 17 103
1 16 18 107
1 16 19 111
1 16 20 115
1 16 21 119
1 17 2 45
1 17 3 49
1 17 4 53
1 17 5 57
1 17 6 61
1 17 7 65
1 17 8 69
1 17 9 73
1 17 10 77
1 17 11 81
1 17 12 85
1 17 13 89
1 17 14 93
1 17 15 97
1 17 16 101
1 17 17 105
1 17 18 109
1 17 19 113
1 17 20 117
1 17 21 121
1 18 2 47
1 18 3 51
1 18 4 55
1 18 5 59
1 18 6 63
1 18 7 67
1 18 8 71
1 18 9 75
1 18 10 79
1 18 11 83
1 18 12 87
1 18 13 91
1 18 14 95
1 18 15 99
1 18 16 103
1 18 17 107
1 18 18 111
1 18 19 115
1 18 20 119
1 18 21 123
1 19 2 49
1 19 3 53
1 19 4 57
1 19 5 61
1 19 6 65
1 19 7 69
1 19 8 73
1 19 9 77
1 19 10 81
1 19 11 85
1 19 12 89
1 19 13 93
1 19 14 97
1 19 15 101
1 19 16 105
1 19 17 109
1 19 18 113
1 19 19 117
1 19 20 121
1 19 21 125
1 20 2 51
1 20 3 55
1 20 4 59
1 20 5 63
1 20 6 67
1 20 7 71
1 20 8 75
1 20 9 79
1 20 10 83
1 20 11 87
1 20 12 91
1 20 13 95
1 20 14 99
1 20 15 103
1 20 16 107
1 20 17 111
1 20 18 115
1 20 19 119
1 20 20 123
1 20 21 127
1 21 2 53
1 21 3 57
1 21 4 61
1 21 5 65
1 21 6 69
1 21 7 73
1 21 8 77
1 21 9 81
1 21 10 85
1 21 11 89
1 21 12 93
1 21 13 97
1 21 14 101
1 21 15 105
1 21 16 109
1 21 17 113
1 21 18 117
1 21 19 121
1 21 20 125
1 21 21 129
1 22 2 55
1 22 3 59
1 22 4 63
1 22 5 67
1 22 6 71
1 22 7 75
1 22 8 79
1 22 9 83
1 22 10 87
1 22 11 91
1 22 12 95
1 22 13 99
1 22 14 103
1 22 15 107
1 22 16 111
1 22 17 115
1 22 18 119
1 22 19 123
1 22 20 127
1 22 21 131
1 23 2 57
1 23 3 61
1 23 4 65
1 23 5 69
1 23 6 73
1 23 7 77
1 23 8 81
1 23 9 85
1 23 10 89
1 23 11 93
1 23 12 97
1 23 13 101
1 23 14 105
1 23 15 109
1 23 16 113
1 23 17 117
1 23 18 121
1 23 19 125
1 23 20 129
1 23 21 133
1 24 2 59
1 24 3 63
1 24 4 67
1 24 5 71
1 24 6 75
1 24 7 79
1 24 8 83
1 24 9 87
1 24 10 91
1 24 11 95
1 24 12 99
1 24 13 103
1 24 14 107
1 24 15 111
1 24 16 115
1 24 17 119
1 24 18 123
1 24 19 127
1 24 20 131
1 24 21 135
1 25 2 61
1 25 3 65
1 25 4 69
1 25 5 73
1 25 6 77
1 25 7 81
1 25 8 85
1 25 9 89
1 25 10 93
1 25 11 97
1 25 12 101
1 25 13 105
1 25 14 109
1 25 15 113
1 25 16 117
1 25 17 121
1 25 18 125
1 25 19 129
1 25 20 133
1 25 21 137
1 26 2 63
1 26 3 67
1 26 4 71
1 26 5 75
1 26 6 79
1 26 7 83
1 26 8 87
1 26 9 91
1 26 10 95
1 26 11 99
1 26 12 103
1 26 13 107
1 26 14 111
1 26 15 115
1 26 16 119
1 26 17 123
1 26 18 127
1 26 19 131
1 26 20 135
1 26 21 139
1 27 2 65
1 27 3 69
1 27 4 73
1 27 5 77
1 27 6 81
1 27 7 85
1 27 8 89
1 27 9 93
1 27 10 97
1 27 11 101
1 27 12 105
1 27 13 109
1 27 14 113
1 27 15 117
1 27 16 121
1 27 17 125
1 27 18 129
1 27 19 133
1 27 20 137
1 27 21 141
1 28 2 67
1 28 3 71
1 28 4 75
1 28 5 79
1 28 6 83
1 28 7 87
1 28 8 91
1 28 9 95
1 28 10 99
1 28 11 103
1 28 12 107
1 28 13 111
1 28 14 115
1 28 15 119
1 28 16 123
1 28 17 127
1 28 18 131
1 28 19 135
1 28 20 139
1 28 21 143
1 29 2 69
1 29 3 73
1 29 4 77
1 29 5 81
1 29 6 85
1 29 7 89
1 29 8 93
1 29 9 97
1 29 10 101
1 29 11 105
1 29 12 109
1 29 13 113
1 29 14 117
1 29 15 121
1 29 16 125
1 29 17 129
1 29 18 133
1 29 19 137
1 29 20 141
1 29 21 145
2 10 2 34
2 10 3 38
2 10 4 42
2 10 5 46
2 10 6 50
2 10 7 54
2 10 8 58
2 10 9 62
2 10 10 66
2 10 11 70
2 10 12 74
2 10 13 78
2 10 14 82
2 10 15 86
2 10 16 90
2 10 17 94
2 10 18 98
2 10 19 102
2 10 20 106
2 10 21 110
2 11 2 36
2 11 3 40
2 11 4 44
2 11 5 48
2 11 6 52
2 11 7 56
2 11 8 60
2 11 9 64
2 11 10 68
2 11 11 72
2 11 12 76
2 11 13 80
2 11 14 84
2 11 15 88
2 11 16 92
2 11 17 96
2 11 18 100
2 11 19 104
2 11 20 108
2 11 21 112
2 12 2 38
2 12 3 42
2 12 4 46
2 12 5 50
2 12 6 54
2 12 7 58
2 12 8 62
2 12 9 66
2 12 10 70
2 12 11 74
2 12 12 78
2 12 13 82
2 12 14 86
2 12 15 90
2 12 16 94
2 12 17 98
2 12 18 102
2 12 19 106
2 12 20 110
2 12 21 114
2 13 2 40
2 13 3 44
2 13 4 48
2 13 5 52
2 13 6 56
2 13 7 60
2 13 8 64
2 13 9 68
2 13 10 72
2 13 11 76
2 13 12 80
2 13 13 84
2 13 14 88
2 13 15 92
2 13 16 96
2 13 17 100
2 13 18 104
2 13 19 108
2 13 20 112
2 13 21 116
2 14 2 42
2 14 3 46
2 14 4 50
2 14 5 54
2 14 6 58
2 14 7 62
2 14 8 66
2 14 9 70
2 14 10 74
2 14 11 78
2 14 12 82
2 14 13 86
2 14 14 90
2 14 15 94
2 14 16 98
2 14 17 102
2 14 18 106
2 14 19 110
2 14 20 114
2 14 21 118
2 15 2 44
2 15 3 48
2 15 4 52
2 15 5 56
2 15 6 60
2 15 7 64
2 15 8 68
2 15 9 72
2 15 10 76
2 15 11 80
2 15 12 84
2 15 13 88
2 15 14 92
2 15 15 96
2 15 16 100
2 15 17 104
2 15 18 108
2 15 19 112
2 15 20 116
2 15 21 120
2 16 2 46
2 16 3 50
2 16 4 54
2 16 5 58
2 16 6 62
2 16 7 66
2 16 8 70
2 16 9 74
2 16 10 78
2 16 11 82
2 16 12 86
2 16 13 90
2 16 14 94
2 16 15 98
2 16 16 102
2 16 17 106
2 16 18 110
2 16 19 114
2 16 20 118
2 16 21 122
2 17 2 48
2 17 3 52
2 17 4 56
2 17 5 60
2 17 6 64
2 17 7 68
2 17 8 72
2 17 9 76
2 17 10 80
2 17 11 84
2 17 12 88
2 17 13 92
2 17 14 96
2 17 15 100
2 17 16 104
2 17 17 108
2 17 18 112
2 17 19 116
2 17 20 120
2 17 21 124
2 18 2 50
2 18 3 54
2 18 4 58
2 18 5 62
2 18 6 66
2 18 7 70
2 18 8 74
2 18 9 78
2 18 10 82
2 18 11 86
2 18 12 90
2 18 13 94
2 18 14 98
2 18 15 102
2 18 16 106
2 18 17 110
2 18 18 114
2 18 19 118
2 18 20 122
2 18 21 126
2 19 2 52
2 19 3 56
2 19 4 60
2 19 5 64
2 19 6 68
2 19 7 72
2 19 8 76
2 19 9 80
2 19 10 84
2 19 11 88
2 19 12 92
2 19 13 96
2 19 14 100
2 19 15 104
2 19 16 108
2 19 17 112
2 19 18 116
2 19 19 120
2 19 20 124
2 19 21 128
2 20 2 54
2 20 3 58
2 20 4 62
2 20 5 66
2 20 6 70
2 20 7 74
2 20 8 78
2 20 9 82
2 20 10 86
2 20 11 90
2 20 12 94
2 20 13 98
2 20 14 102
2 20 15 106
2 20 16 110
2 20 17 114
2 20 18 118
2 20 19 122
2 20 20 126
2 20 21 130
2 21 2 56
2 21 3 60
2 21 4 64
2 21 5 68
2 21 6 72
2 21 7 76
2 21 8 80
2 21 9 84
2 21 10 88
2 21 11 92
2 21 12 96
2 21 13 100
2 21 14 104
2 21 15 108
2 21 16 112
2 21 17 116
2 21 18 120
2 21 19 124
2 21 20 128
2 21 21 132
2 22 2 58
2 22 3 62
2 22 4 66
2 22 5 70
2 22 6 74
2 22 7 78
2 22 8 82
2 22 9 86
2 22 10 90
2 22 11 94
2 22 12 98
2 22 13 102
2 22 14 106
2 22 15 110
2 22 16 114
2 22 17 118
2 22 18 122
2 22 19 126
2 22 20 130
2 22 21 134
2 23 2 60
2 23 3 64
2 23 4 68
2 23 5 72
2 23 6 76
2 23 7 80
2 23 8 84
2 23 9 88
2 23 10 92
2 23 11 96
2 23 12 100
2 23 13 104
2 23 14 108
2 23 15 112
2 23 16 116
2 23 17 120
2 23 18 124
2 23 19 128
2 23 20 132
2 23 21 136
2 24 2 62
2 24 3 66
2 24 4 70
2 24 5 74
2 24 6 78
2 24 7 82
2 24 8 86
2 24 9 90
2 24 10 94
2 24 11 98
2 24 12 102
2 24 13 106
2 24 14 110
2 24 15 114
2 24 16 118
2 24 17 122
2 24 18 126
2 24 19 130
2 24 20 134
2 24 21 138
2 25 2 64
2 25 3 68
2 25 4 72
2 25 5 76
2 25 6 80
2 25 7 84
2 25 8 88
2 25 9 92
2 25 10 96
2 25 11 100
2 25 12 104
2 25 13 108
2 25 14 112
2 25 15 116
2 25 16 120
2 25 17 124
2 25 18 128
2 25 19 132
2 25 20 136
2 25 21 140
2 26 2 66
2 26 3 70
2 26 4 74
2 26 5 78
2 26 6 82
2 26 7 86
2 26 8 90
2 26 9 94
2 26 10 98
2 26 11 102
2 26 12 106
2 26 13 110
2 26 14 114
2 26 15 118
2 26 16 122
2 26 17 126
2 26 18 130
2 26 19 134
2 26 20 138
2 26 21 142
2 27 2 68
2 27 3 72
2 27 4 76
2 27 5 80
2 27 6 84
2 27 7 88
2 27 8 92
2 27 9 96
2 27 10 100
2 27 11 104
2 27 12 108
2 27 13 112
2 27 14 116
2 27 15 120
2 27 16 124
2 27 17 128
2 27 18 132
2 27 19 136
2 27 20 140
2 27 21 144
2 28 2 70
2 28 3 74
2 28 4 78
2 28 5 82
2 28 6 86
2 28 7 90
2 28 8 94
2 28 9 98
2 28 10 102
2 28 11 106
2 28 12 110
2 28 13 114
2 28 14 118
2 28 15 122
2 28 16 126
2 28 17 130
2 28 18 134
2 28 19 138
2 28 20 142
2 28 21 146
2 29 2 72
2 29 3 76
2 29 4 80
2 29 5 84
2 29 6 88
2 29 7 92
2 29 8 96
2 29 9 100
2 29 10 104
2 29 11 108
2 29 12 112
2 29 13 116
2 29 14 120
2 29 15 124
2 29 16 128
2 29 17 132
2 29 18 136
2 29 19 140
2 29 20 144
2 29 21 148
3 10 2 37
3 10 3 41
3 10 4 45
3 10 5 49
3 10 6 53
3 10 7 57
3 10 8 61
3 10 9 65
3 10 10 69
3 10 11 73
3 10 12 77
3 10 13 81
3 10 14 85
3 10 15 89
3 10 16 93
3 10 17 97
3 10 18 101
3 10 19 105
3 10 20 109
3 10 21 113
3 11 2 39
3 11 3 43
3 11 4 47
3 11 5 51
3 11 6 55
3 11 7 59
3 11 8 63
3 11 9 67
3 11 10 71
3 11 11 75
3 11 12 79
3 11 13 83
3 11 14 87
3 11 15 91
3 11 16 95
3 11 17 99
3 11 18 103
3 11 19 107
3 11 20 111
3 11 21 115
3 12 2 41
3 12 3 45
3 12 4 49
3 12 5 53
3 12 6 57
3 12 7 61
3 12 8 65
3 12 9 69
3 12 10 73
3 12 11 77
3 12 12 81
3 12 13 85
3 12 14 89
3 12 15 93
3 12 16 97
3 12 17 101
3 12 18 105
3 12 19 109
3 12 20 113
3 12 21 117
3 13 2 43
3 13 3 47
3 13 4 51
3 13 5 55
3 13 6 59
3 13 7 63
3 13 8 67
3 13 9 71
3 13 10 75
3 13 11 79
3 13 12 83
3 13 13 87
3 13 14 91
3 13 15 95
3 13 16 99
3 13 17 103
3 13 18 107
3 13 19 111
3 13 20 115
3 13 21 119
3 14 2 45
3 14 3 49
3 14 4 53
3 14 5 57
3 14 6 61
3 14 7 65
3 14 8 69
3 14 9 73
3 14 10 77
3 14 11 81
3 14 12 85
3 14 13 89
3 14 14 93
3 14 15 97
3 14 16 101
3 14 17 105
3 14 18 109
3 14 19 113
3 14 20 117
3 14 21 121
3 15 2 47
3 15 3 51
3 15 4 55
3 15 5 59
3 15 6 63
3 15 7 67
3 15 8 71
3 15 9 75
3 15 10 79
3 15 11 83
3 15 12 87
3 15 13 91
3 15 14 95
3 15 15 99
3 15 16 103
3 15 17 107
3 15 18 111
3 15 19 115
3 15 20 119
3 15 21 123
3 16 2 49
3 16 3 53
3 16 4 57
3 16 5 61
3 16 6 65
3 16 7 69
3 16 8 73
3 16 9 77
3 16 10 81
3 16 11 85
3 16 12 89
3 16 13 93
3 16 14 97
3 16 15 101
3 16 16 105
3 16 17 109
3 16 18 113
3 16 19 117
3 16 20 121
3 16 21 125
3 17 2 51
3 17 3 55
3 17 4 59
3 17 5 63
3 17 6 67
3 17 7 71
3 17 8 75
3 17 9 79
3 17 10 83
3 17 11 87
3 17 12 91
3 17 13 95
3 17 14 99
3 17 15 103
3 17 16 107
3 17 17 111
3 17 18 115
3 17 19 119
3 17 20 123
3 17 21 127
3 18 2 53
3 18 3 57
3 18 4 61
3 18 5 65
3 18 6 69
3 18 7 73
3 18 8 77
3 18 9 81
3 18 10 85
3 18 11 89
3 18 12 93
3 18 13 97
3 18 14 101
3 18 15 105
3 18 16 109
3 18 17 113
3 18 18 117
3 18 19 121
3 18 20 125
3 18 21 129
3 19 2 55
3 19 3 59
3 19 4 63
3 19 5 67
3 19 6 71
3 19 7 75
3 19 8 79
3 19 9 83
3 19 10 87
3 19 11 91
3 19 12 95
3 19 13 99
3 19 14 103
3 19 15 107
3 19 16 111
3 19 17 115
3 19 18 119
3 19 19 123
3 19 20 127
3 19 21 131
3 20 2 57
3 20 3 61
3 20 4 65
3 20 5 69
3 20 6 73
3 20 7 77
3 20 8 81
3 20 9 85
3 20 10 89
3 20 11 93
3 20 12 97
3 20 13 101
3 20 14 105
3 20 15 109
3 20 16 113
3 20 17 117
3 20 18 121
3 20 19 125
3 20 20 129
3 20 21 133
3 21 2 59
3 21 3 63
3 21 4 67
3 21 5 71
3 21 6 75
3 21 7 79
3 21 8 83
3 21 9 87
3 21 10 91
3 21 11 95
3 21 12 99
3 21 13 103
3 21 14 107
3 21 15 111
3 21 16 115
3 21 17 119
3 21 18 123
3 21 19 127
3 21 20 131
3 21 21 135
3 22 2 61
3 22 3 65
3 22 4 69
3 22 5 73
3 22 6 77
3 22 7 81
3 22 8 85
3 22 9 89
3 22 10 93
3 22 11 97
3 22 12 101
3 22 13 105
3 22 14 109
3 22 15 113
3 22 16 117
3 22 17 121
3 22 18 125
3 22 19 129
3 22 20 133
3 22 21 137
3 23 2 63
3 23 3 67
3 23 4 71
3 23 5 75
3 23 6 79
3 23 7 83
3 23 8 87
3 23 9 91
3 23 10 95
3 23 11 99
3 23 12 103
3 23 13 107
3 23 14 111
3 23 15 115
3 23 16 119
3 23 17 123
3 23 18 127
3 23 19 131
3 23 20 135
3 23 21 139
3 24 2 65
3 24 3 69
3 24 4 73
3 24 5 77
3 24 6 81
3 24 7 85
3 24 8 89
3 24 9 93
3 24 10 97
3 24 11 101
3 24 12 105
3 24 13 109
3 24 14 113
3 24 15 117
3 24 16 121
3 24 17 125
3 24 18 129
3 24 19 133
3 24 20 137
3 24 21 141
3 25 2 67
3 25 3 71
3 25 4 75
3 25 5 79
3 25 6 83
3 25 7 87
3 25 8 91
3 25 9 95
3 25 10 99
3 25 11 103
3 25 12 107
3 25 13 111
3 25 14 115
3 25 15 119
3 25 16 123
3 25 17 127
3 25 18 131
3 25 19 135
3 25 20 139
3 25 21 143
3 26 2 69
3 26 3 73
3 26 4 77
3 26 5 81
3 26 6 85
3 26 7 89
3 26 8 93
3 26 9 97
3 26 10 101
3 26 11 105
3 26 12 109
3 26 13 113
3 26 14 117
3 26 15 121
3 26 16 125
3 26 17 129
3 26 18 133
3 26 19 137
3 26 20 141
3 26 21 145
3 27 2 71
3 27 3 75
3 27 4 79
3 27 5 83
3 27 6 87
3 27 7 91
3 27 8 95
3 27 9 99
3 27 10 103
3 27 11 107
3 27 12 111
3 27 13 115
3 27 14 119
3 27 15 123
3 27 16 127
3 27 17 131
3 27 18 135
3 27 19 139
3 27 20 143
3 27 21 147
3 28 2 73
3 28 3 77
3 28 4 81
3 28 5 85
3 28 6 89
3 28 7 93
3 28 8 97
3 28 9 101
3 28 10 105
3 28 11 109
3 28 12 113
3 28 13 117
3 28 14 121
3 28 15 125
3 28 16 129
3 28 17 133
3 28 18 137
3 28 19 141
3 28 20 145
3 28 21 149
3 29 2 75
3 29 3 79
3 29 4 83
3 29 5 87
3 29 6 91
3 29 7 95
3 29 8 99
3 29 9 103
3 29 10 107
3 29 11 111
3 29 12 115
3 29 13 119
3 29 14 123
3 29 15 127
3 29 16 131
3 29 17 135
3 29 18 139
3 29 19 143
3 29 20 147
3 29 21 151
4 10 2 40
4 10 3 44
4 10 4 48
4 10 5 52
4 10 6 56
4 10 7 60
4 10 8 64
4 10 9 68
4 10 10 72
4 10 11 76
4 10 12 80
4 10 13 84
4 10 14 88
4 10 15 92
4 10 16 96
4 10 17 100
4 10 18 104
4 10 19 108
4 10 20 112
4 10 21 116
4 11 2 42
4 11 3 46
4 11 4 50
4 11 5 54
4 11 6 58
4 11 7 62
4 11 8 66
4 11 9 70
4 11 10 74
4 11 11 78
4 11 12 82
4 11 13 86
4 11 14 90
4 11 15 94
4 11 16 98
4 11 17 102
4 11 18 106
4 11 19 110
4 11 20 114
4 11 21 118
4 12 2 44
4 12 3 48
4 12 4 52
4 12 5 56
4 12 6 60
4 12 7 64
4 12 8 68
4 12 9 72
4 12 10 76
4 12 11 80
4 12 12 84
4 12 13 88
4 12 14 92
4 12 15 96
4 12 16 100
4 12 17 104
4 12 18 108
4 12 19 112
4 12 20 116
4 12 21 120
4 13 2 46
4 13 3 50
4 13 4 54
4 13 5 58
4 13 6 62
4 13 7 66
4 13 8 70
4 13 9 74
4 13 10 78
4 13 11 82
4 13 12 86
4 13 13 90
4 13 14 94
4 13 15 98
4 13 16 102
4 13 17 106
4 13 18 110
4 13 19 114
4 13 20 118
4 13 21 122
4 14 2 48
4 14 3 52
4 14 4 56
4 14 5 60
4 14 6 64
4 14 7 68
4 14 8 72
4 14 9 76
4 14 10 80
4 14 11 84
4 14 12 88
4 14 13 92
4 14 14 96
4 14 15 100
4 14 16 104
4 14 17 108
4 14 18 112
4 14 19 116
4 14 20 120
4 14 21 124
4 15 2 50
4 15 3 54
4 15 4 58
4 15 5 62
4 15 6 66
4 15 7 70
4 15 8 74
4 15 9 78
4 15 10 82
4 15 11 86
4 15 12 90
4 15 13 94
4 15 14 98
4 15 15 102
4 15 16 106
4 15 17 110
4 15 18 114
4 15 19 118
4 15 20 122
4 15 21 126
4 16 2 52
4 16 3 56
4 16 4 60
4 16 5 64
4 16 6 68
4 16 7 72
4 16 8 76
4 16 9 80
4 16 10 84
4 16 11 88
4 16 12 92
4 16 13 96
4 16 14 100
4 16 15 104
4 16 16 108
4 16 17 112
4 16 18 116
4 16 19 120
4 16 20 124
4 16 21 128
4 17 2 54
4 17 3 58
4 17 4 62
4 17 5 66
4 17 6 70
4 17 7 74
4 17 8 78
4 17 9 82
4 17 10 86
4 17 11 90
4 17 12 94
4 17 13 98
4 17 14 102
4 17 15 106
4 17 16 110
4 17 17 114
4 17 18 118
4 17 19 122
4 17 20 126
4 17 21 130
4 18 2 56
4 18 3 60
4 18 4 64
4 18 5 68
4 18 6 72
4 18 7 76
4 18 8 80
4 18 9 84
4 18 10 88
4 18 11 92
4 18 12 96
4 18 13 100
4 18 14 104
4 18 15 108
4 18 16 112
4 18 17 116
4 18 18 120
4 18 19 124
4 18 20 128
4 18 21 132
4 19 2 58
4 19 3 62
4 19 4 66
4 19 5 70
4 19 6 74
4 19 7 78
4 19 8 82
4 19 9 86
4 19 10 90
4 19 11 94
4 19 12 98
4 19 13 102
4 19 14 106
4 19 15 110
4 19 16 114
4 19 17 118
4 19 18 122
4 19 19 126
4 19 20 130
4 19 21 134
4 20 2 60
4 20 3 64
4 20 4 68
4 20 5 72
4 20 6 76
4 20 7 80
4 20 8 84
4 20 9 88
4 20 10 92
4 20 11 96
4 20 12 100
4 20 13 104
4 20 14 108
4 20 15 112
4 20 16 116
4 20 17 120
4 20 18 124
4 20 19 128
4 20 20 132
4 20 21 136
4 21 2 62
4 21 3 66
4 21 4 70
4 21 5 74
4 21 6 78
4 21 7 82
4 21 8 86
4 21 9 90
4 21 10 94
4 21 11 98
4 21 12 102
4 21 13 106
4 21 14 110
4 21 15 114
4 21 16 118
4 21 17 122
4 21 18 126
4 21 19 130
4 21 20 134
4 21 21 138
4 22 2 64
4 22 3 68
4 22 4 72
4 22 5 76
4 22 6 80
4 22 7 84
4 22 8 88
4 22 9 92
4 22 10 96
4 22 11 100
4 22 12 104
4 22 13 108
4 22 14 112
4 22 15 116
4 22 16 120
4 22 17 124
4 22 18 128
4 22 19 132
4 22 20 136
4 22 21 140
4 23 2 66
4 23 3 70
4 23 4 74
4 23 5 78
4 23 6 82
4 23 7 86
4 23 8 90
4 23 9 94
4 23 10 98
4 23 11 102
4 23 12 106
4 23 13 110
4 23 14 114
4 23 15 118
4 23 16 122
4 23 17 126
4 23 18 130
4 23 19 134
4 23 20 138
4 23 21 142
4 24 2 68
4 24 3 72
4 24 4 76
4 24 5 80
4 24 6 84
4 24 7 88
4 24 8 92
4 24 9 96
4 24 10 100
4 24 11 104
4 24 12 108
4 24 13 112
4 24 14 116
4 24 15 120
4 24 16 124
4 24 17 128
4 24 18 132
4 24 19 136
4 24 20 140
4 24 21 144
4 25 2 70
4 25 3 74
4 25 4 78
4 25 5 82
4 25 6 86
4 25 7 90
4 25 8 94
4 25 9 98
4 25 10 102
4 25 11 106
4 25 12 110
4 25 13 114
4 25 14 118
4 25 15 122
4 25 16 126
4 25 17 130
4 25 18 134
4 25 19 138
4 25 20 142
4 25 21 146
4 26 2 72
4 26 3 76
4 26 4 80
4 26 5 84
4 26 6 88
4 26 7 92
4 26 8 96
4 26 9 100
4 26 10 104
4 26 11 108
4 26 12 112
4 26 13 116
4 26 14 120
4 26 15 124
4 26 16 128
4 26 17 132
4 26 18 136
4 26 19 140
4 26 20 144
4 26 21 148
4 27 2 74
4 27 3 78
4 27 4 82
4 27 5 86
4 27 6 90
4 27 7 94
4 27 8 98
4 27 9 102
4 27 10 106
4 27 11 110
4 27 12 114
4 27 13 118
4 27 14 122
4 27 15 126
4 27 16 130
4 27 17 134
4 27 18 138
4 27 19 142
4 27 20 146
4 27 21 150
4 28 2 76
4 28 3 80
4 28 4 84
4 28 5 88
4 28 6 92
4 28 7 96
4 28 8 100
4 28 9 104
4 28 10 108
4 28 11 112
4 28 12 116
4 28 13 120
4 28 14 124
4 28 15 128
4 28 16 132
4 28 17 136
4 28 18 140
4 28 19 144
4 28 20 148
4 28 21 152
4 29 2 78
4 29 3 82
4 29 4 86
4 29 5 90
4 29 6 94
4 29 7 98
4 29 8 102
4 29 9 106
4 29 10 110
4 29 11 114
4 29 12 118
4 29 13 122
4 29 14 126
4 29 15 130
4 29 16 134
4 29 17 138
4 29 18 142
4 29 19 146
4 29 20 150
4 29 21 154
5 10 2 43
5 10 3 47
5 10 4 51
5 10 5 55
5 10 6 59
5 10 7 63
5 10 8 67
5 10 9 71
5 10 10 75
5 10 11 79
5 10 12 83
5 10 13 87
5 10 14 91
5 10 15 95
5 10 16 99
5 10 17 103
5 10 18 107
5 10 19 111
5 10 20 115
5 10 21 119
5 11 2 45
5 11 3 49
5 11 4 53
5 11 5 57
5 11 6 61
5 11 7 65
5 11 8 69
5 11 9 73
5 11 10 77
5 11 11 81
5 11 12 85
5 11 13 89
5 11 14 93
5 11 15 97
5 11 16 101
5 11 17 105
5 11 18 109
5 11 19 113
5 11 20 117
5 11 21 121
5 12 2 47
5 12 3 51
5 12 4 55
5 12 5 59
5 12 6 63
5 12 7 67
5 12 8 71
5 12 9 75
5 12 10 79
5 12 11 83
5 12 12 87
5 12 13 91
5 12 14 95
5 12 15 99
5 12 16 103
5 12 17 107
5 12 18 111
5 12 19 115
5 12 20 119
5 12 21 123
5 13 2 49
5 13 3 53
5 13 4 57
5 13 5 61
5 13 6 65
5 13 7 69
5 13 8 73
5 13 9 77
5 13 10 81
5 13 11 85
5 13 12 89
5 13 13 93
5 13 14 97
5 13 15 101
5 13 16 105
5 13 17 109
5 13 18 113
5 13 19 117
5 13 20 121
5 13 21 125
5 14 2 51
5 14 3 55
5 14 4 59
5 14 5 63
5 14 6 67
5 14 7 71
5 14 8 75
5 14 9 79
5 14 10 83
5 14 11 87
5 14 12 91
5 14 13 95
5 14 14 99
5 14 15 103
5 14 16 107
5 14 17 111
5 14 18 115
5 14 19 119
5 14 20 123
5 14 21 127
5 15 2 53
5 15 3 57
5 15 4 61
5 15 5 65
5 15 6 69
5 15 7 73
5 15 8 77
5 15 9 81
5 15 10 85
5 15 11 89
5 15 12 93
5 15 13 97
5 15 14 101
5 15 15 105
5 15 16 109
5 15 17 113
5 15 18 117
5 15 19 121
5 15 20 125
5 15 21 129
5 16 2 55
5 16 3 59
5 16 4 63
5 16 5 67
5 16 6 71
5 16 7 75
5 16 8 79
5 16 9 83
5 16 10 87
5 16 11 91
5 16 12 95
5 16 13 99
5 16 14 103
5 16 15 107
5 16 16 111
5 16 17 115
5 16 18 119
5 16 19 123
5 16 20 127
5 16 21 131
5 17 2 57
5 17 3 61
5 17 4 65
5 17 5 69
5 17 6 73
5 17 7 77
5 17 8 81
5 17 9 85
5 17 10 89
5 17 11 93
5 17 12 97
5 17 13 101
5 17 14 105
5 17 15 109
5 17 16 113
5 17 17 117
5 17 18 121
5 17 19 125
5 17 20 129
5 17 21 133
5 18 2 59
5 18 3 63
5 18 4 67
5 18 5 71
5 18 6 75
5 18 7 79
5 18 8 83
5 18 9 87
5 18 10 91
5 18 11 95
5 18 12 99
5 18 13 103
5 18 14 107
5 18 15 111
5 18 16 115
5 18 17 119
5 18 18 123
5 18 19 127
5 18 20 131
5 18 21 135
5 19 2 61
5 19 3 65
5 19 4 69
5 19 5 73
5 19 6 77
5 19 7 81
5 19 8 85
5 19 9 89
5 19 10 93
5 19 11 97
5 19 12 101
5 19 13 105
5 19 14 109
5 19 15 113
5 19 16 117
5 19 17 121
5 19 18 125
5 19 19 129
5 19 20 133
5 19 21 137
5 20 2 63
5 20 3 67
5 20 4 71
5 20 5 75
5 20 6 79
5 20 7 83
5 20 8 87
5 20 9 91
5 20 10 95
5 20 11 99
5 20 12 103
5 20 13 107
5 20 14 111
5 20 15 115
5 20 16 119
5 20 17 123
5 20 18 127
5 20 19 131
5 20 20 135
5 20 21 139
5 21 2 65
5 21 3 69
5 21 4 73
5 21 5 77
5 21 6 81
5 21 7 85
5 21 8 89
5 21 9 93
5 21 10 97
5 21 11 101
5 21 12 105
5 21 13 109
5 21 14 113
5 21 15 117
5 21 16 121
5 21 17 125
5 21 18 129
5 21 19 133
5 21 20 137
5 21 21 141
5 22 2 67
5 22 3 71
5 22 4 75
5 22 5 79
5 22 6 83
5 22 7 87
5 22 8 91
5 22 9 95
5 22 10 99
5 22 11 103
5 22 12 107
5 22 13 111
5 22 14 115
5 22 15 119
5 22 16 123
5 22 17 127
5 22 18 131
5 22 19 135
5 22 20 139
5 22 21 143
5 23 2 69
5 23 3 73
5 23 4 77
5 23 5 81
5 23 6 85
5 23 7 89
5 23 8 93
5 23 9 97
5 23 10 101
5 23 11 105
5 23 12 109
5 23 13 113
5 23 14 117
5 23 15 121
5 23 16 125
5 23 17 129
5 23 18 133
5 23 19 137
5 23 20 141
5 23 21 145
5 24 2 71
5 24 3 75
5 24 4 79
5 24 5 83
5 24 6 87
5 24 7 91
5 24 8 95
5 24 9 99
5 24 10 103
5 24 11 107
5 24 12 111
5 24 13 115
5 24 14 119
5 24 15 123
5 24 16 127
5 24 17 131
5 24 18 135
5 24 19 139
5 24 20 143
5 24 21 147
5 25 2 73
5 25 3 77
5 25 4 81
5 25 5 85
5 25 6 89
5 25 7 93
5 25 8 97
5 25 9 101
5 25 10 105
5 25 11 109
5 25 12 113
5 25 13 117
5 25 14 121
5 25 15 125
5 25 16 129
5 25 17 133
5 25 18 137
5 25 19 141
5 25 20 145
5 25 21 149
5 26 2 75
5 26 3 79
5 26 4 83
5 26 5 87
5 26 6 91
5 26 7 95
5 26 8 99
5 26 9 103
5 26 10 107
5 26 11 111
5 26 12 115
5 26 13 119
5 26 14 123
5 26 15 127
5 26 16 131
5 26 17 135
5 26 18 139
5 26 19 143
5 26 20 147
5 26 21 151
5 27 2 77
5 27 3 81
5 27 4 85
5 27 5 89
5 27 6 93
5 27 7 97
5 27 8 101
5 27 9 105
5 27 10 109
5 27 11 113
5 27 12 117
5 27 13 121
5 27 14 125
5 27 15 129
5 27 16 133
5 27 17 137
5 27 18 141
5 27 19 145
5 27 20 149
5 27 21 153
5 28 2 79
5 28 3 83
5 28 4 87
5 28 5 91
5 28 6 95
5 28 7 99
5 28 8 103
5 28 9 107
5 28 10 111
5 28 11 115
5 28 12 119
5 28 13 123
5 28 14 127
5 28 15 131
5 28 16 135
5 28 17 139
5 28 18 143
5 28 19 147
5 28 20 151
5 28 21 155
5 29 2 81
5 29 3 85
5 29 4 89
5 29 5 93
5 29 6 97
5 29 7 101
5 29 8 105
5 29 9 109
5 29 10 113
5 29 11 117
5 29 12 121
5 29 13 125
5 29 14 129
5 29 15 133
5 29 16 137
5 29 17 141
5 29 18 145
5 29 19 149
5 29 20 153
5 29 21 157
6 10 2 46
6 10 3 50
6 10 4 54
6 10 5 58
6 10 6 62
6 10 7 66
6 10 8 70
6 10 9 74
6 10 10 78
6 10 11 82
6 10 12 86
6 10 13 90
6 10 14 94
6 10 15 98
6 10 16 102
6 10 17 106
6 10 18 110
6 10 19 114
6 10 20 118
6 10 21 122
6 11 2 48
6 11 3 52
6 11 4 56
6 11 5 60
6 11 6 64
6 11 7 68
6 11 8 72
6 11 9 76
6 11 10 80
6 11 11 84
6 11 12 88
6 11 13 92
6 11 14 96
6 11 15 100
6 11 16 104
6 11 17 108
6 11 18 112
6 11 19 116
6 11 20 120
6 11 21 124
6 12 2 50
6 12 3 54
6 12 4 58
6 12 5 62
6 12 6 66
6 12 7 70
6 12 8 74
6 12 9 78
6 12 10 82
6 12 11 86
6 12 12 90
6 12 13 94
6 12 14 98
6 12 15 102
6 12 16 106
6 12 17 110
6 12 18 114
6 12 19 118
6 12 20 122
6 12 21 126
6 13 2 52
6 13 3 56
6 13 4 60
6 13 5 64
6 13 6 68
6 13 7 72
6 13 8 76
6 13 9 80
6 13 10 84
6 13 11 88
6 13 12 92
6 13 13 96
6 13 14 100
6 13 15 104
6 13 16 108
6 13 17 112
6 13 18 116
6 13 19 120
6 13 20 124
6 13 21 128
6 14 2 54
6 14 3 58
6 14 4 62
6 14 5 66
6 14 6 70
6 14 7 74
6 14 8 78
6 14 9 82
6 14 10 86
6 14 11 90
6 14 12 94
6 14 13 98
6 14 14 102
6 14 15 106
6 14 16 110
6 14 17 114
6 14 18 118
6 14 19 122
6 14 20 126
6 14 21 130
6 15 2 56
6 15 3 60
6 15 4 64
6 15 5 68
6 15 6 72
6 15 7 76
6 15 8 80
6 15 9 84
6 15 10 88
6 15 11 92
6 15 12 96
6 15 13 100
6 15 14 104
6 15 15 108
6 15 16 112
6 15 17 116
6 15 18 120
6 15 19 124
6 15 20 128
6 15 21 132
6 16 2 58
6 16 3 62
6 16 4 66
6 16 5 70
6 16 6 74
6 16 7 78
6 16 8 82
6 16 9 86
6 16 10 90
6 16 11 94
6 16 12 98
6 16 13 102
6 16 14 106
6 16 15 110
6 16 16 114
6 16 17 118
6 16 18 122
6 16 19 126
6 16 20 130
6 16 21 134
6 17 2 60
6 17 3 64
6 17 4 68
6 17 5 72
6 17 6 76
6 17 7 80
6 17 8 84
6 17 9 88
6 17 10 92
6 17 11 96
6 17 12 100
6 17 13 104
6 17 14 108
6 17 15 112
6 17 16 116
6 17 17 120
6 17 18 124
6 17 19 128
6 17 20 132
6 17 21 136
6 18 2 62
6 18 3 66
6 18 4 70
6 18 5 74
6 18 6 78
6 18 7 82
6 18 8 86
6 18 9 90
6 18 10 94
6 18 11 98
6 18 12 102
6 18 13 106
6 18 14 110
6 18 15 114
6 18 16 118
6 18 17 122
6 18 18 126
6 18 19 130
6 18 20 134
6 18 21 138
6 19 2 64
6 19 3 68
6 19 4 72
6 19 5 76
6 19 6 80
6 19 7 84
6 19 8 88
6 19 9 92
6 19 10 96
6 19 11 100
6 19 12 104
6 19 13 108
6 19 14 112
6 19 15 116
6 19 16 120
6 19 17 124
6 19 18 128
6 19 19 132
6 19 20 136
6 19 21 140
6 20 2 66
6 20 3 70
6 20 4 74
6 20 5 78
6 20 6 82
6 20 7 86
6 20 8 90
6 20 9 94
6 20 10 98
6 20 11 102
6 20 12 106
6 20 13 110
6 20 14 114
6 20 15 118
6 20 16 122
6 20 17 126
6 20 18 130
6 20 19 134
6 20 20 138
6 20 21 142
6 21 2 68
6 21 3 72
6 21 4 76
6 21 5 80
6 21 6 84
6 21 7 88
6 21 8 92
6 21 9 96
6 21 10 100
6 21 11 104
6 21 12 108
6 21 13 112
6 21 14 116
6 21 15 120
6 21 16 124
6 21 17 128
6 21 18 132
6 21 19 136
6 21 20 140
6 21 21 144
6 22 2 70
6 22 3 74
6 22 4 78
6 22 5 82
6 22 6 86
6 22 7 90
6 22 8 94
6 22 9 98
6 22 10 102
6 22 11 106
6 22 12 110
6 22 13 114
6 22 14 118
6 22 15 122
6 22 16 126
6 22 17 130
6 22 18 134
6 22 19 138
6 22 20 142
6 22 21 146
6 23 2 72
6 23 3 76
6 23 4 80
6 23 5 84
6 23 6 88
6 23 7 92
6 23 8 96
6 23 9 100
6 23 10 104
6 23 11 108
6 23 12 112
6 23 13 116
6 23 14 120
6 23 15 124
6 23 16 128
6 23 17 132
6 23 18 136
6 23 19 140
6 23 20 144
6 23 21 148
6 24 2 74
6 24 3 78
6 24 4 82
6 24 5 86
6 24 6 90
6 24 7 94
6 24 8 98
6 24 9 102
6 24 10 106
6 24 11 110
6 24 12 114
6 24 13 118
6 24 14 122
6 24 15 126
6 24 16 130
6 24 17 134
6 24 18 138
6 24 19 142
6 24 20 146
6 24 21 150
6 25 2 76
6 25 3 80
6 25 4 84
6 25 5 88
6 25 6 92
6 25 7 96
6 25 8 100
6 25 9 104
6 25 10 108
6 25 11 112
6 25 12 116
6 25 13 120
6 25 14 124
6 25 15 128
6 25 16 132
6 25 17 136
6 25 18 140
6 25 19 144
6 25 20 148
6 25 21 152
6 26 2 78
6 26 3 82
6 26 4 86
6 26 5 90
6 26 6 94
6 26 7 98
6 26 8 102
6 26 9 106
6 26 10 110
6 26 11 114
6 26 12 118
6 26 13 122
6 26 14 126
6 26 15 130
6 26 16 134
6 26 17 138
6 26 18 142
6 26 19 146
6 26 20 150
6 26 21 154
6 27 2 80
6 27 3 84
6 27 4 88
6 27 5 92
6 27 6 96
6 27 7 100
6 27 8 104
6 27 9 108
6 27 10 112
6 27 11 116
6 27 12 120
6 27 13 124
6 27 14 128
6 27 15 132
6 27 16 136
6 27 17 140
6 27 18 144
6 27 19 148
6 27 20 152
6 27 21 156
6 28 2 82
6 28 3 86
6 28 4 90
6 28 5 94
6 28 6 98
6 28 7 102
6 28 8 106
6 28 9 110
6 28 10 114
6 28 11 118
6 28 12 122
6 28 13 126
6 28 14 130
6 28 15 134
6 28 16 138
6 28 17 142
6 28 18 146
6 28 19 150
6 28 20 154
6 28 21 158
6 29 2 84
6 29 3 88
6 29 4 92
6 29 5 96
6 29 6 100
6 29 7 104
6 29 8 108
6 29 9 112
6 29 10 116
6 29 11 120
6 29 12 124
6 29 13 128
6 29 14 132
6 29 15 136
6 29 16 140
6 29 17 144
6 29 18 148
6 29 19 152
6 29 20 156
6 29 21 160
7 10 2 49
7 10 3 53
7 10 4 57
7 10 5 61
7 10 6 65
7 10 7 69
7 10 8 73
7 10 9 77
7 10 10 81
7 10 11 85
7 10 12 89
7 10 13 93
7 10 14 97
7 10 15 101
7 10 16 105
7 10 17 109
7 10 18 113
7 10 19 117
7 10 20 121
7 10 21 125
7 11 2 51
7 11 3 55
7 11 4 59
7 11 5 63
7 11 6 67
7 11 7 71
7 11 8 75
7 11 9 79
7 11 10 83
7 11 11 87
7 11 12 91
7 11 13 95
7 11 14 99
7 11 15 103
7 11 16 107
7 11 17 111
7 11 18 115
7 11 19 119
7 11 20 123
7 11 21 127
7 12 2 53
7 12 3 57
7 12 4 61
7 12 5 65
7 12 6 69
7 12 7 73
7 12 8 77
7 12 9 81
7 12 10 85
7 12 11 89
7 12 12 93
7 12 13 97
7 12 14 101
7 12 15 105
7 12 16 109
7 12 17 113
7 12 18 117
7 12 19 121
7 12 20 125
7 12 21 129
7 13 2 55
7 13 3 59
7 13 4 63
7 13 5 67
7 13 6 71
7 13 7 75
7 13 8 79
7 13 9 83
7 13 10 87
7 13 11 91
7 13 12 95
7 13 13 99
7 13 14 103
7 13 15 107
7 13 16 111
7 13 17 115
7 13 18 119
7 13 19 123
7 13 20 127
7 13 21 131
7 14 2 57
7 14 3 61
7 14 4 65
7 14 5 69
7 14 6 73
7 14 7 77
7 14 8 81
7 14 9 85
7 14 10 89
7 14 11 93
7 14 12 97
7 14 13 101
7 14 14 105
7 14 15 109
7 14 16 113
7 14 17 117
7 14 18 121
7 14 19 125
7 14 20 129
7 14 21 133
7 15 2 59
7 15 3 63
7 15 4 67
7 15 5 71
7 15 6 75
7 15 7 79
7 15 8 83
7 15 9 87
7 15 10 91
7 15 11 95
7 15 12 99
7 15 13 103
7 15 14 107
7 15 15 111
7 15 16 115
7 15 17 119
7 15 18 123
7 15 19 127
7 15 20 131
7 15 21 135
7 16 2 61
7 16 3 65
7 16 4 69
7 16 5 73
7 16 6 77
7 16 7 81
7 16 8 85
7 16 9 89
7 16 10 93
7 16 11 97
7 16 12 101
7 16 13 105
7 16 14 109
7 16 15 113
7 16 16 117
7 16 17 121
7 16 18 125
7 16 19 129
7 16 20 133
7 16 21 137
7 17 2 63
7 17 3 67
7 17 4 71
7 17 5 75
7 17 6 79
7 17 7 83
7 17 8 87
7 17 9 91
7 17 10 95
7 17 11 99
7 17 12 103
7 17 13 107
7 17 14 111
7 17 15 115
7 17 16 119
7 17 17 123
7 17 18 127
7 17 19 131
7 17 20 135
7 17 21 139
7 18 2 65
7 18 3 69
7 18 4 73
7 18 5 77
7 18 6 81
7 18 7 85
7 18 8 89
7 18 9 93
7 18 10 97
7 18 11 101
7 18 12 105
7 18 13 109
7 18 14 113
7 18 15 117
7 18 16 121
7 18 17 125
7 18 18 129
7 18 19 133
7 18 20 137
7 18 21 141
7 19 2 67
7 19 3 71
7 19 4 75
7 19 5 79
7 19 6 83
7 19 7 87
7 19 8 91
7 19 9 95
7 19 10 99
7 19 11 103
7 19 12 107
7 19 13 111
7 19 14 115
7 19 15 119
7 19 16 123
7 19 17 127
7 19 18 131
7 19 19 135
7 19 20 139
7 19 21 143
7 20 2 69
7 20 3 73
7 20 4 77
7 20 5 81
7 20 6 85
7 20 7 89
7 20 8 93
7 20 9 97
7 20 10 101
7 20 11 105
7 20 12 109
7 20 13 113
7 20 14 117
7 20 15 121
7 20 16 125
7 20 17 129
7 20 18 133
7 20 19 137
7 20 20 141
7 20 21 145
7 21 2 71
7 21 3 75
7 21 4 79
7 21 5 83
7 21 6 87
7 21 7 91
7 21 8 95
7 21 9 99
7 21 10 103
7 21 11 107
7 21 12 111
7 21 13 115
7 21 14 119
7 21 15 123
7 21 16 127
7 21 17 131
7 21 18 135
7 21 19 139
7 21 20 143
7 21 21 147
7 22 2 73
7 22 3 77
7 22 4 81
7 22 5 85
7 22 6 89
7 22 7 93
7 22 8 97
7 22 9 101
7 22 10 105
7 22 11 109
7 22 12 113
7 22 13 117
7 22 14 121
7 22 15 125
7 22 16 129
7 22 17 133
7 22 18 137
7 22 19 141
7 22 20 145
7 22 21 149
7 23 2 75
7 23 3 79
7 23 4 83
7 23 5 87
7 23 6 91
7 23 7 95
7 23 8 99
7 23 9 103
7 23 10 107
7 23 11 111
7 23 12 115
7 23 13 119
7 23 14 123
7 23 15 127
7 23 16 131
7 23 17 135
7 23 18 139
7 23 19 143
7 23 20 147
7 23 21 151
7 24 2 77
7 24 3 81
7 24 4 85
7 24 5 89
7 24 6 93
7 24 7 97
7 24 8 101
7 24 9 105
7 24 10 109
7 24 11 113
7 24 12 117
7 24 13 121
7 24 14 125
7 24 15 129
7 24 16 133
7 24 17 137
7 24 18 141
7 24 19 145
7 24 20 149
7 24 21 153
7 25 2 79
7 25 3 83
7 25 4 87
7 25 5 91
7 25 6 95
7 25 7 99
7 25 8 103
7 25 9 107
7 25 10 111
7 25 11 115
7 25 12 119
7 25 13 123
7 25 14 127
7 25 15 131
7 25 16 135
7 25 17 139
7 25 18 143
7 25 19 147
7 25 20 151
7 25 21 155
7 26 2 81
7 26 3 85
7 26 4 89
7 26 5 93
7 26 6 97
7 26 7 101
7 26 8 105
7 26 9 109
7 26 10 113
7 26 11 117
7 26 12 121
7 26 13 125
7 26 14 129
7 26 15 133
7 26 16 137
7 26 17 141
7 26 18 145
7 26 19 149
7 26 20 153
7 26 21 157
7 27 2 83
7 27 3 87
7 27 4 91
7 27 5 95
7 27 6 99
7 27 7 103
7 27 8 107
7 27 9 111
7 27 10 115
7 27 11 119
7 27 12 123
7 27 13 127
7 27 14 131
7 27 15 135
7 27 16 139
7 27 17 143
7 27 18 147
7 27 19 151
7 27 20 155
7 27 21 159
7 28 2 85
7 28 3 89
7 28 4 93
7 28 5 97
7 28 6 101
7 28 7 105
7 28 8 109
7 28 9 113
7 28 10 117
7 28 11 121
7 28 12 125
7 28 13 129
7 28 14 133
7 28 15 137
7 28 16 141
7 28 17 145
7 28 18 149
7 28 19 153
7 28 20 157
7 28 21 161
7 29 2 87
7 29 3 91
7 29 4 95
7 29 5 99
7 29 6 103
7 29 7 107
7 29 8 111
7 29 9 115
7 29 10 119
7 29 11 123
7 29 12 127
7 29 13 131
7 29 14 135
7 29 15 139
7 29 16 143
7 29 17 147
7 29 18 151
7 29 19 155
7 29 20 159
7 29 21 163
8 10 2 52
8 10 3 56
8 10 4 60
8 10 5 64
8 10 6 68
8 10 7 72
8 10 8 76
8 10 9 80
8 10 10 84
8 10 11 88
8 10 12 92
8 10 13 96
8 10 14 100
8 10 15 104
8 10 16 108
8 10 17 112
8 10 18 116
8 10 19 120
8 10 20 124
8 10 21 128
8 11 2 54
8 11 3 58
8 11 4 62
8 11 5 66
8 11 6 70
8 11 7 74
8 11 8 78
8 11 9 82
8 11 10 86
8 11 11 90
8 11 12 94
8 11 13 98
8 11 14 102
8 11 15 106
8 11 16 110
8 11 17 114
8 11 18 118
8 11 19 122
8 11 20 126
8 11 21 130
8 12 2 56
8 12 3 60
8 12 4 64
8 12 5 68
8 12 6 72
8 12 7 76
8 12 8 80
8 12 9 84
8 12 10 88
8 12 11 92
8 12 12 96
8 12 13 100
8 12 14 104
8 12 15 108
8 12 16 112
8 12 17 116
8 12 18 120
8 12 19 124
8 12 20 128
8 12 21 132
8 13 2 58
8 13 3 62
8 13 4 66
8 13 5 70
8 13 6 74
8 13 7 78
8 13 8 82
8 13 9 86
8 13 10 90
8 13 11 94
8 13 12 98
8 13 13 102
8 13 14 106
8 13 15 110
8 13 16 114
8 13 17 118
8 13 18 122
8 13 19 126
8 13 20 130
8 13 21 134
8 14 2 60
8 14 3 64
8 14 4 68
8 14 5 72
8 14 6 76
8 14 7 80
8 14 8 84
8 14 9 88
8 14 10 92
8 14 11 96
8 14 12 100
8 14 13 104
8 14 14 108
8 14 15 112
8 14 16 116
8 14 17 120
8 14 18 124
8 14 19 128
8 14 20 132
8 14 21 136
8 15 2 62
8 15 3 66
8 15 4 70
8 15 5 74
8 15 6 78
8 15 7 82
8 15 8 86
8 15 9 90
8 15 10 94
8 15 11 98
8 15 12 102
8 15 13 106
8 15 14 110
8 15 15 114
8 15 16 118
8 15 17 122
8 15 18 126
8 15 19 130
8 15 20 134
8 15 21 138
8 16 2 64
8 16 3 68
8 16 4 72
8 16 5 76
8 16 6 80
8 16 7 84
8 16 8 88
8 16 9 92
8 16 10 96
8 16 11 100
8 16 12 104
8 16 13 108
8 16 14 112
8 16 15 116
8 16 16 120
8 16 17 124
8 16 18 128
8 16 19 132
8 16 20 136
8 16 21 140
8 17 2 66
8 17 3 70
8 17 4 74
8 17 5 78
8 17 6 82
8 17 7 86
8 17 8 90
8 17 9 94
8 17 10 98
8 17 11 102
8 17 12 106
8 17 13 110
8 17 14 114
8 17 15 118
8 17 16 122
8 17 17 126
8 17 18 130
8 17 19 134
8 17 20 138
8 17 21 142
8 18 2 68
8 18 3 72
8 18 4 76
8 18 5 80
8 18 6 84
8 18 7 88
8 18 8 92
8 18 9 96
8 18 10 100
8 18 11 104
8 18 12 108
8 18 13 112
8 18 14 116
8 18 15 120
8 18 16 124
8 18 17 128
8 18 18 132
8 18 19 136
8 18 20 140
8 18 21 144
8 19 2 70
8 19 3 74
8 19 4 78
8 19 5 82
8 19 6 86
8 19 7 90
8 19 8 94
8 19 9 98
8 19 10 102
8 19 11 106
8 19 12 110
8 19 13 114
8 19 14 118
8 19 15 122
8 19 16 126
8 19 17 130
8 19 18 134
8 19 19 138
8 19 20 142
8 19 21 146
8 20 2 72
8 20 3 76
8 20 4 80
8 20 5 84
8 20 6 88
8 20 7 92
8 20 8 96
8 20 9 100
8 20 10 104
8 20 11 108
8 20 12 112
8 20 13 116
8 20 14 120
8 20 15 124
8 20 16 128
8 20 17 132
8 20 18 136
8 20 19 140
8 20 20 144
8 20 21 148
8 21 2 74
8 21 3 78
8 21 4 82
8 21 5 86
8 21 6 90
8 21 7 94
8 21 8 98
8 21 9 102
8 21 10 106
8 21 11 110
8 21 12 114
8 21 13 118
8 21 14 122
8 21 15 126
8 21 16 130
8 21 17 134
8 21 18 138
8 21 19 142
8 21 20 146
8 21 21 150
8 22 2 76
8 22 3 80
8 22 4 84
8 22 5 88
8 22 6 92
8 22 7 96
8 22 8 100
8 22 9 104
8 22 10 108
8 22 11 112
8 22 12 116
8 22 13 120
8 22 14 124
8 22 15 128
8 22 16 132
8 22 17 136
8 22 18 140
8 22 19 144
8 22 20 148
8 22 21 152
8 23 2 78
8 23 3 82
8 23 4 86
8 23 5 90
8 23 6 94
8 23 7 98
8 23 8 102
8 23 9 106
8 23 10 110
8 23 11 114
8 23 12 118
8 23 13 122
8 23 14 126
8 23 15 130
8 23 16 134
8 23 17 138
8 23 18 142
8 23 19 146
8 23 20 150
8 23 21 154
8 24 2 80
8 24 3 84
8 24 4 88
8 24 5 92
8 24 6 96
8 24 7 100
8 24 8 104
8 24 9 108
8 24 10 112
8 24 11 116
8 24 12 120
8 24 13 124
8 24 14 128
8 24 15 132
8 24 16 136
8 24 17 140
8 24 18 144
8 24 19 148
8 24 20 152
8 24 21 156
8 25 2 82
8 25 3 86
8 25 4 90
8 25 5 94
8 25 6 98
8 25 7 102
8 25 8 106
8 25 9 110
8 25 10 114
8 25 11 118
8 25 12 122
8 25 13 126
8 25 14 130
8 25 15 134
8 25 16 138
8 25 17 142
8 25 18 146
8 25 19 150
8 25 20 154
8 25 21 158
8 26 2 84
8 26 3 88
8 26 4 92
8 26 5 96
8 26 6 100
8 26 7 104
8 26 8 108
8 26 9 112
8 26 10 116
8 26 11 120
8 26 12 124
8 26 13 128
8 26 14 132
8 26 15 136
8 26 16 140
8 26 17 144
8 26 18 148
8 26 19 152
8 26 20 156
8 26 21 160
8 27 2 86
8 27 3 90
8 27 4 94
8 27 5 98
8 27 6 102
8 27 7 106
8 27 8 110
8 27 9 114
8 27 10 118
8 27 11 122
8 27 12 126
8 27 13 130
8 27 14 134
8 27 15 138
8 27 16 142
8 27 17 146
8 27 18 150
8 27 19 154
8 27 20 158
8 27 21 162
8 28 2 88
8 28 3 92
8 28 4 96
8 28 5 100
8 28 6 104
8 28 7 108
8 28 8 112
8 28 9 116
8 28 10 120
8 28 11 124
8 28 12 128
8 28 13 132
8 28 14 136
8 28 15 140
8 28 16 144
8 28 17 148
8 28 18 152
8 28 19 156
8 28 20 160
8 28 21 164
8 29 2 90
8 29 3 94
8 29 4 98
8 29 5 102
8 29 6 106
8 29 7 110
8 29 8 114
8 29 9 118
8 29 10 122
8 29 11 126
8 29 12 130
8 29 13 134
8 29 14 138
8 29 15 142
8 29 16 146
8 29 17 150
8 29 18 154
8 29 19 158
8 29 20 162
8 29 21 166
9 10 2 55
9 10 3 59
9 10 4 63
9 10 5 67
9 10 6 71
9 10 7 75
9 10 8 79
9 10 9 83
9 10 10 87
9 10 11 91
9 10 12 95
9 10 13 99
9 10 14 103
9 10 15 107
9 10 16 111
9 10 17 115
9 10 18 119
9 10 19 123
9 10 20 127
9 10 21 131
9 11 2 57
9 11 3 61
9 11 4 65
9 11 5 69
9 11 6 73
9 11 7 77
9 11 8 81
9 11 9 85
9 11 10 89
9 11 11 93
9 11 12 97
9 11 13 101
9 11 14 105
9 11 15 109
9 11 16 113
9 11 17 117
9 11 18 121
9 11 19 125
9 11 20 129
9 11 21 133
9 12 2 59
9 12 3 63
9 12 4 67
9 12 5 71
9 12 6 75
9 12 7 79
9 12 8 83
9 12 9 87
9 12 10 91
9 12 11 95
9 12 12 99
9 12 13 103
9 12 14 107
9 12 15 111
9 12 16 115
9 12 17 119
9 12 18 123
9 12 19 127
9 12 20 131
9 12 21 135
9 13 2 61
9 13 3 65
9 13 4 69
9 13 5 73
9 13 6 77
9 13 7 81
9 13 8 85
9 13 9 89
9 13 10 93
9 13 11 97
9 13 12 101
9 13 13 105
9 13 14 109
9 13 15 113
9 13 16 117
9 13 17 121
9 13 18 125
9 13 19 129
9 13 20 133
9 13 21 137
9 14 2 63
9 14 3 67
9 14 4 71
9 14 5 75
9 14 6 79
9 14 7 83
9 14 8 87
9 14 9 91
9 14 10 95
9 14 11 99
9 14 12 103
9 14 13 107
9 14 14 111
9 14 15 115
9 14 16 119
9 14 17 123
9 14 18 127
9 14 19 131
9 14 20 135
9 14 21 139
9 15 2 65
9 15 3 69
9 15 4 73
9 15 5 77
9 15 6 81
9 15 7 85
9 15 8 89
9 15 9 93
9 15 10 97
9 15 11 101
9 15 12 105
9 15 13 109
9 15 14 113
9 15 15 117
9 15 16 121
9 15 17 125
9 15 18 129
9 15 19 133
9 15 20 137
9 15 21 141
9 16 2 67
9 16 3 71
9 16 4 75
9 16 5 79
9 16 6 83
9 16 7 87
9 16 8 91
9 16 9 95
9 16 10 99
9 16 11 103
9 16 12 107
9 16 13 111
9 16 14 115
9 16 15 119
9 16 16 123
9 16 17 127
9 16 18 131
9 16 19 135
9 16 20 139
9 16 21 143
9 17 2 69
9 17 3 73
9 17 4 77
9 17 5 81
9 17 6 85
9 17 7 89
9 17 8 93
9 17 9 97
9 17 10 101
9 17 11 105
9 17 12 109
9 17 13 113
9 17 14 117
9 17 15 121
9 17 16 125
9 17 17 129
9 17 18 133
9 17 19 137
9 17 20 141
9 17 21 145
9 18 2 71
9 18 3 75
9 18 4 79
9 18 5 83
9 18 6 87
9 18 7 91
9 18 8 95
9 18 9 99
9 18 10 103
9 18 11 107
9 18 12 111
9 18 13 115
9 18 14 119
9 18 15 123
9 18 16 127
9 18 17 131
9 18 18 135
9 18 19 139
9 18 20 143
9 18 21 147
9 19 2 73
9 19 3 77
9 19 4 81
9 19 5 85
9 19 6 89
9 19 7 93
9 19 8 97
9 19 9 101
9 19 10 105
9 19 11 109
9 19 12 113
9 19 13 117
9 19 14 121
9 19 15 125
9 19 16 129
9 19 17 133
9 19 18 137
9 19 19 141
9 19 20 145
9 19 21 149
9 20 2 75
9 20 3 79
9 20 4 83
9 20 5 87
9 20 6 91
9 20 7 95
9 20 8 99
9 20 9 103
9 20 10 107
9 20 11 111
9 20 12 115
9 20 13 119
9 20 14 123
9 20 15 127
9 20 16 131
9 20 17 135
9 20 18 139
9 20 19 143
9 20 20 147
9 20 21 151
9 21 2 77
9 21 3 81
9 21 4 85
9 21 5 89
9 21 6 93
9 21 7 97
9 21 8 101
9 21 9 105
9 21 10 109
9 21 11 113
9 21 12 117
9 21 13 121
9 21 14 125
9 21 15 129
9 21 16 133
9 21 17 137
9 21 18 141
9 21 19 145
9 21 20 149
9 21 21 153
9 22 2 79
9 22 3 83
9 22 4 87
9 22 5 91
9 22 6 95
9 22 7 99
9 22 8 103
9 22 9 107
9 22 10 111
9 22 11 115
9 22 12 119
9 22 13 123
9 22 14 127
9 22 15 131
9 22 16 135
9 22 17 139
9 22 18 143
9 22 19 147
9 22 20 151
9 22 21 155
9 23 2 81
9 23 3 85
9 23 4 89
9 23 5 93
9 23 6 97
9 23 7 101
9 23 8 105
9 23 9 109
9 23 10 113
9 23 11 117
9 23 12 121
9 23 13 125
9 23 14 129
9 23 15 133
9 23 16 137
9 23 17 141
9 23 18 145
9 23 19 149
9 23 20 153
9 23 21 157
9 24 2 83
9 24 3 87
9 24 4 91
9 24 5 95
9 24 6 99
9 24 7 103
9 24 8 107
9 24 9 111
9 24 10 115
9 24 11 119
9 24 12 123
9 24 13 127
9 24 14 131
9 24 15 135
9 24 16 139
9 24 17 143
9 24 18 147
9 24 19 151
9 24 20 155
9 24 21 159
9 25 2 85
9 25 3 89
9 25 4 93
9 25 5 97
9 25 6 101
9 25 7 105
9 25 8 109
9 25 9 113
9 25 10 117
9 25 11 121
9 25 12 125
9 25 13 129
9 25 14 133
9 25 15 137
9 25 16 141
9 25 17 145
9 25 18 149
9 25 19 153
9 25 20 157
9 25 21 161
9 26 2 87
9 26 3 91
9 26 4 95
9 26 5 99
9 26 6 103
9 26 7 107
9 26 8 111
9 26 9 115
9 26 10 119
9 26 11 123
9 26 12 127
9 26 13 131
9 26 14 135
9 26 15 139
9 26 16 143
9 26 17 147
9 26 18 151
9 26 19 155
9 26 20 159
9 26 21 163
9 27 2 89
9 27 3 93
9 27 4 97
9 27 5 101
9 27 6 105
9 27 7 109
9 27 8 113
9 27 9 117
9 27 10 121
9 27 11 125
9 27 12 129
9 27 13 133
9 27 14 137
9 27 15 141
9 27 16 145
9 27 17 149
9 27 18 153
9 27 19 157
9 27 20 161
9 27 21 165
9 28 2 91
9 28 3 95
9 28 4 99
9 28 5 103
9 28 6 107
9 28 7 111
9 28 8 115
9 28 9 119
9 28 10 123
9 28 11 127
9 28 12 131
9 28 13 135
9 28 14 139
9 28 15 143
9 28 16 147
9 28 17 151
9 28 18 155
9 28 19 159
9 28 20 163
9 28 21 167
9 29 2 93
9 29 3 97
9 29 4 101
9 29 5 105
9 29 6 109
9 29 7 113
9 29 8 117
9 29 9 121
9 29 10 125
9 29 11 129
9 29 12 133
9 29 13 137
9 29 14 141
9 29 15 145
9 29 16 149
9 29 17 153
9 29 18 157
9 29 19 161
9 29 20 165
9 29 21 169
10 10 2 58
10 10 3 62
10 10 4 66
10 10 5 70
10 10 6 74
10 10 7 78
10 10 8 82
10 10 9 86
10 10 10 90
10 10 11 94
10 10 12 98
10 10 13 102
10 10 14 106
10 10 15 110
10 10 16 114
10 10 17 118
10 10 18 122
10 10 19 126
10 10 20 130
10 10 21 134
10 11 2 60
10 11 3 64
10 11 4 68
10 11 5 72
10 11 6 76
10 11 7 80
10 11 8 84
10 11 9 88
10 11 10 92
10 11 11 96
10 11 12 100
10 11 13 104
10 11 14 108
10 11 15 112
10 11 16 116
10 11 17 120
10 11 18 124
10 11 19 128
10 11 20 132
10 11 21 136
10 12 2 62
10 12 3 66
10 12 4 70
10 12 5 74
10 12 6 78
10 12 7 82
10 12 8 86
10 12 9 90
10 12 10 94
10 12 11 98
10 12 12 102
10 12 13 106
10 12 14 110
10 12 15 114
10 12 16 118
10 12 17 122
10 12 18 126
10 12 19 130
10 12 20 134
10 12 21 138
10 13 2 64
10 13 3 68
10 13 4 72
10 13 5 76
10 13 6 80
10 13 7 84
10 13 8 88
10 13 9 92
10 13 10 96
10 13 11 100
10 13 12 104
10 13 13 108
10 13 14 112
10 13 15 116
10 13 16 120
10 13 17 124
10 13 18 128
10 13 19 132
10 13 20 136
10 13 21 140
10 14 2 66
10 14 3 70
10 14 4 74
10 14 5 78
10 14 6 82
10 14 7 86
10 14 8 90
10 14 9 94
10 14 10 98
10 14 11 102
10 14 12 106
10 14 13 110
10 14 14 114
10 14 15 118
10 14 16 122
10 14 17 126
10 14 18 130
10 14 19 134
10 14 20 138
10 14 21 142
10 15 2 68
10 15 3 72
10 15 4 76
10 15 5 80
10 15 6 84
10 15 7 88
10 15 8 92
10 15 9 96
10 15 10 100
10 15 11 104
10 15 12 108
10 15 13 112
10 15 14 116
10 15 15 120
10 15 16 124
10 15 17 128
10 15 18 132
10 15 19 136
10 15 20 140
10 15 21 144
10 16 2 70
10 16 3 74
10 16 4 78
10 16 5 82
10 16 6 86
10 16 7 90
10 16 8 94
10 16 9 98
10 16 10 102
10 16 11 106
10 16 12 110
10 16 13 114
10 16 14 118
10 16 15 122
10 16 16 126
10 16 17 130
10 16 18 134
10 16 19 138
10 16 20 142
10 16 21 146
10 17 2 72
10 17 3 76
10 17 4 80
10 17 5 84
10 17 6 88
10 17 7 92
10 17 8 96
10 17 9 100
10 17 10 104
10 17 11 108
10 17 12 112
10 17 13 116
10 17 14 120
10 17 15 124
10 17 16 128
10 17 17 132
10 17 18 136
10 17 19 140
10 17 20 144
10 17 21 148
10 18 2 74
10 18 3 78
10 18 4 82
10 18 5 86
10 18 6 90
10 18 7 94
10 18 8 98
10 18 9 102
10 18 10 106
10 18 11 110
10 18 12 114
10 18 13 118
10 18 14 122
10 18 15 126
10 18 16 130
10 18 17 134
10 18 18 138
10 18 19 142
10 18 20 146
10 18 21 150
10 19 2 76
10 19 3 80
10 19 4 84
10 19 5 88
10 19 6 92
10 19 7 96
10 19 8 100
10 19 9 104
10 19 10 108
10 19 11 112
10 19 12 116
10 19 13 120
10 19 14 124
10 19 15 128
10 19 16 132
10 19 17 136
10 19 18 140
10 19 19 144
10 19 20 148
10 19 21 152
10 20 2 78
10 20 3 82
10 20 4 86
10 20 5 90
10 20 6 94
10 20 7 98
10 20 8 102
10 20 9 106
10 20 10 110
10 20 11 114
10 20 12 118
10 20 13 122
10 20 14 126
10 20 15 130
10 20 16 134
10 20 17 138
10 20 18 142
10 20 19 146
10 20 20 150
10 20 21 154
10 21 2 80
10 21 3 84
10 21 4 88
10 21 5 92
10 21 6 96
10 21 7 100
10 21 8 104
10 21 9 108
10 21 10 112
10 21 11 116
10 21 12 120
10 21 13 124
10 21 14 128
10 21 15 132
10 21 16 136
10 21 17 140
10 21 18 144
10 21 19 148
10 21 20 152
10 21 21 156
10 22 2 82
10 22 3 86
10 22 4 90
10 22 5 94
10 22 6 98
10 22 7 102
10 22 8 106
10 22 9 110
10 22 10 114
10 22 11 118
10 22 12 122
10 22 13 126
10 22 14 130
10 22 15 134
10 22 16 138
10 22 17 142
10 22 18 146
10 22 19 150
10 22 20 154
10 22 21 158
10 23 2 84
10 23 3 88
10 23 4 92
10 23 5 96
10 23 6 100
10 23 7 104
10 23 8 108
10 23 9 112
10 23 10 116
10 23 11 120
10 23 12 124
10 23 13 128
10 23 14 132
10 23 15 136
10 23 16 140
10 23 17 144
10 23 18 148
10 23 19 152
10 23 20 156
10 23 21 160
10 24 2 86
10 24 3 90
10 24 4 94
10 24 5 98
10 24 6 102
10 24 7 106
10 24 8 110
10 24 9 114
10 24 10 118
10 24 11 122
10 24 12 126
10 24 13 130
10 24 14 134
10 24 15 138
10 24 16 142
10 24 17 146
10 24 18 150
10 24 19 154
10 24 20 158
10 24 21 162
10 25 2 88
10 25 3 92
10 25 4 96
10 25 5 100
10 25 6 104
10 25 7 108
10 25 8 112
10 25 9 116
10 25 10 120
10 25 11 124
10 25 12 128
10 25 13 132
10 25 14 136
10 25 15 140
10 25 16 144
10 25 17 148
10 25 18 152
10 25 19 156
10 25 20 160
10 25 21 164
10 26 2 90
10 26 3 94
10 26 4 98
10 26 5 102
10 26 6 106
10 26 7 110
10 26 8 114
10 26 9 118
10 26 10 122
10 26 11 126
10 26 12 130
10 26 13 134
10 26 14 138
10 26 15 142
10 26 16 146
10 26 17 150
10 26 18 154
10 26 19 158
10 26 20 162
10 26 21 166
10 27 2 92
10 27 3 96
10 27 4 100
10 27 5 104
10 27 6 108
10 27 7 112
10 27 8 116
10 27 9 120
10 27 10 124
10 27 11 128
10 27 12 132
10 27 13 136
10 27 14 140
10 27 15 144
10 27 16 148
10 27 17 152
10 27 18 156
10 27 19 160
10 27 20 164
10 27 21 168
10 28 2 94
10 28 3 98
10 28 4 102
10 28 5 106
10 28 6 110
10 28 7 114
10 28 8 118
10 28 9 122
10 28 10 126
10 28 11 130
10 28 12 134
10 28 13 138
10 28 14 142
10 28 15 146
10 28 16 150
10 28 17 154
10 28 18 158
10 28 19 162
10 28 20 166
10 28 21 170
10 29 2 96
10 29 3 100
10 29 4 104
10 29 5 108
10 29 6 112
10 29 7 116
10 29 8 120
10 29 9 124
10 29 10 128
10 29 11 132
10 29 12 136
10 29 13 140
10 29 14 144
10 29 15 148
10 29 16 152
10 29 17 156
10 29 18 160
10 29 19 164
10 29 20 168
10 29 21 172
11 10 2 61
11 10 3 65
11 10 4 69
11 10 5 73
11 10 6 77
11 10 7 81
11 10 8 85
11 10 9 89
11 10 10 93
11 10 11 97
11 10 12 101
11 10 13 105
11 10 14 109
11 10 15 113
11 10 16 117
11 10 17 121
11 10 18 125
11 10 19 129
11 10 20 133
11 10 21 137
11 11 2 63
11 11 3 67
11 11 4 71
11 11 5 75
11 11 6 79
11 11 7 83
11 11 8 87
11 11 9 91
11 11 10 95
11 11 11 99
11 11 12 103
11 11 13 107
11 11 14 111
11 11 15 115
11 11 16 119
11 11 17 123
11 11 18 127
11 11 19 131
11 11 20 135
11 11 21 139
11 12 2 65
11 12 3 69
11 12 4 73
11 12 5 77
11 12 6 81
11 12 7 85
11 12 8 89
11 12 9 93
11 12 10 97
11 12 11 101
11 12 12 105
11 12 13 109
11 12 14 113
11 12 15 117
11 12 16 121
11 12 17 125
11 12 18 129
11 12 19 133
11 12 20 137
11 12 21 141
11 13 2 67
11 13 3 71
11 13 4 75
11 13 5 79
11 13 6 83
11 13 7 87
11 13 8 91
11 13 9 95
11 13 10 99
11 13 11 103
11 13 12 107
11 13 13 111
11 13 14 115
11 13 15 119
11 13 16 123
11 13 17 127
11 13 18 131
11 13 19 135
11 13 20 139
11 13 21 143
11 14 2 69
11 14 3 73
11 14 4 77
11 14 5 81
11 14 6 85
11 14 7 89
11 14 8 93
11 14 9 97
11 14 10 101
11 14 11 105
11 14 12 109
11 14 13 113
11 14 14 117
11 14 15 121
11 14 16 125
11 14 17 129
11 14 18 133
11 14 19 137
11 14 20 141
11 14 21 145
11 15 2 71
11 15 3 75
11 15 4 79
11 15 5 83
11 15 6 87
11 15 7 91
11 15 8 95
11 15 9 99
11 15 10 103
11 15 11 107
11 15 12 111
11 15 13 115
11 15 14 119
11 15 15 123
11 15 16 127
11 15 17 131
11 15 18 135
11 15 19 139
11 15 20 143
11 15 21 147
11 16 2 73
11 16 3 77
11 16 4 81
11 16 5 85
11 16 6 89
11 16 7 93
11 16 8 97
11 16 9 101
11 16 10 105
11 16 11 109
11 16 12 113
11 16 13 117
11 16 14 121
11 16 15 125
11 16 16 129
11 16 17 133
11 16 18 137
11 16 19 141
11 16 20 145
11 16 21 149
11 17 2 75
11 17 3 79
11 17 4 83
11 17 5 87
11 17 6 91
11 17 7 95
11 17 8 99
11 17 9 103
11 17 10 107
11 17 11 111
11 17 12 115
11 17 13 119
11 17 14 123
11 17 15 127
11 17 16 131
11 17 17 135
11 17 18 139
11 17 19 143
11 17 20 147
11 17 21 151
11 18 2 77
11 18 3 81
11 18 4 85
11 18 5 89
11 18 6 93
11 18 7 97
11 18 8 101
11 18 9 105
11 18 10 109
11 18 11 113
11 18 12 117
11 18 13 121
11 18 14 125
11 18 15 129
11 18 16 133
11 18 17 137
11 18 18 141
11 18 19 145
11 18 20 149
11 18 21 153
11 19 2 79
11 19 3 83
11 19 4 87
11 19 5 91
11 19 6 95
11 19 7 99
11 19 8 103
11 19 9 107
11 19 10 111
11 19 11 115
11 19 12 119
11 19 13 123
11 19 14 127
11 19 15 131
11 19 16 135
11 19 17 139
11 19 18 143
11 19 19 147
11 19 20 151
11 19 21 155
11 20 2 81
11 20 3 85
11 20 4 89
11 20 5 93
11 20 6 97
11 20 7 101
11 20 8 105
11 20 9 109
11 20 10 113
11 20 11 117
11 20 12 121
11 20 13 125
11 20 14 129
11 20 15 133
11 20 16 137
11 20 17 141
11 20 18 145
11 20 19 149
11 20 20 153
11 20 21 157
11 21 2 83
11 21 3 87
11 21 4 91
11 21 5 95
11 21 6 99
11 21 7 103
11 21 8 107
11 21 9 111
11 21 10 115
11 21 11 119
11 21 12 123
11 21 13 127
11 21 14 131
11 21 15 135
11 21 16 139
11 21 17 143
11 21 18 147
11 21 19 151
11 21 20 155
11 21 21 159
11 22 2 85
11 22 3 89
11 22 4 93
11 22 5 97
11 22 6 101
11 22 7 105
11 22 8 109
11 22 9 113
11 22 10 117
11 22 11 121
11 22 12 125
11 22 13 129
11 22 14 133
11 22 15 137
11 22 16 141
11 22 17 145
11 22 18 149
11 22 19 153
11 22 20 157
11 22 21 161
11 23 2 87
11 23 3 91
11 23 4 95
11 23 5 99
11 23 6 103
11 23 7 107
11 23 8 111
11 23 9 115
11 23 10 119
11 23 11 123
11 23 12 127
11 23 13 131
11 23 14 135
11 23 15 139
11 23 16 143
11 23 17 147
11 23 18 151
11 23 19 155
11 23 20 159
11 23 21 163
11 24 2 89
11 24 3 93
11 24 4 97
11 24 5 101
11 24 6 105
11 24 7 109
11 24 8 113
11 24 9 117
11 24 10 121
11 24 11 125
11 24 12 129
11 24 13 133
11 24 14 137
11 24 15 141
11 24 16 145
11 24 17 149
11 24 18 153
11 24 19 157
11 24 20 161
11 24 21 165
11 25 2 91
11 25 3 95
11 25 4 99
11 25 5 103
11 25 6 107
11 25 7 111
11 25 8 115
11 25 9 119
11 25 10 123
11 25 11 127
11 25 12 131
11 25 13 135
11 25 14 139
11 25 15 143
11 25 16 147
11 25 17 151
11 25 18 155
11 25 19 159
11 25 20 163
11 25 21 167
11 26 2 93
11 26 3 97
11 26 4 101
11 26 5 105
11 26 6 109
11 26 7 113
11 26 8 117
11 26 9 121
11 26 10 125
11 26 11 129
11 26 12 133
11 26 13 137
11 26 14 141
11 26 15 145
11 26 16 149
11 26 17 153
11 26 18 157
11 26 19 161
11 26 20 165
11 26 21 169
11 27 2 95
11 27 3 99
11 27 4 103
11 27 5 107
11 27 6 111
11 27 7 115
11 27 8 119
11 27 9 123
11 27 10 127
11 27 11 131
11 27 12 135
11 27 13 139
11 27 14 143
11 27 15 147
11 27 16 151
11 27 17 155
11 27 18 159
11 27 19 163
11 27 20 167
11 27 21 171
11 28 2 97
11 28 3 101
11 28 4 105
11 28 5 109
11 28 6 113
11 28 7 117
11 28 8 121
11 28 9 125
11 28 10 129
11 28 11 133
11 28 12 137
11 28 13 141
11 28 14 145
11 28 15 149
11 28 16 153
11 28 17 157
11 28 18 161
11 28 19 165
11 28 20 169
11 28 21 173
11 29 2 99
11 29 3 103
11 29 4 107
11 29 5 111
11 29 6 115
11 29 7 119
11 29 8 123
11 29 9 127
11 29 10 131
11 29 11 135
11 29 12 139
11 29 13 143
11 29 14 147
11 29 15 151
11 29 16 155
11 29 17 159
11 29 18 163
11 29 19 167
11 29 20 171
11 29 21 175
12 10 2 64
12 10 3 68
12 10 4 72
12 10 5 76
12 10 6 80
12 10 7 84
12 10 8 88
12 10 9 92
12 10 10 96
12 10 11 100
12 10 12 104
12 10 13 108
12 10 14 112
12 10 15 116
12 10 16 120
12 10 17 124
12 10 18 128
12 10 19 132
12 10 20 136
12 10 21 140
12 11 2 66
12 11 3 70
12 11 4 74
12 11 5 78
12 11 6 82
12 11 7 86
12 11 8 90
12 11 9 94
12 11 10 98
12 11 11 102
12 11 12 106
12 11 13 110
12 11 14 114
12 11 15 118
12 11 16 122
12 11 17 126
12 11 18 130
12 11 19 134
12 11 20 138
12 11 21 142
12 12 2 68
12 12 3 72
12 12 4 76
12 12 5 80
12 12 6 84
12 12 7 88
12 12 8 92
12 12 9 96
12 12 10 100
12 12 11 104
12 12 12 108
12 12 13 112
12 12 14 116
12 12 15 120
12 12 16 124
12 12 17 128
12 12 18 132
12 12 19 136
12 12 20 140
12 12 21 144
12 13 2 70
12 13 3 74
12 13 4 78
12 13 5 82
12 13 6 86
12 13 7 90
12 13 8 94
12 13 9 98
12 13 10 102
12 13 11 106
12 13 12 110
12 13 13 114
12 13 14 118
12 13 15 122
12 13 16 126
12 13 17 130
12 13 18 134
12 13 19 138
12 13 20 142
12 13 21 146
12 14 2 72
12 14 3 76
12 14 4 80
12 14 5 84
12 14 6 88
12 14 7 92
12 14 8 96
12 14 9 100
12 14 10 104
12 14 11 108
12 14 12 112
12 14 13 116
12 14 14 120
12 14 15 124
12 14 16 128
12 14 17 132
12 14 18 136
12 14 19 140
12 14 20 144
12 14 21 148
12 15 2 74
12 15 3 78
12 15 4 82
12 15 5 86
12 15 6 90
12 15 7 94
12 15 8 98
12 15 9 102
12 15 10 106
12 15 11 110
12 15 12 114
12 15 13 118
12 15 14 122
12 15 15 126
12 15 16 130
12 15 17 134
12 15 18 138
12 15 19 142
12 15 20 146
12 15 21 150
12 16 2 76
12 16 3 80
12 16 4 84
12 16 5 88
12 16 6 92
12 16 7 96
12 16 8 100
12 16 9 104
12 16 10 108
12 16 11 112
12 16 12 116
12 16 13 120
12 16 14 124
12 16 15 128
12 16 16 132
12 16 17 136
12 16 18 140
12 16 19 144
12 16 20 148
12 16 21 152
12 17 2 78
12 17 3 82
12 17 4 86
12 17 5 90
12 17 6 94
12 17 7 98
12 17 8 102
12 17 9 106
12 17 10 110
12 17 11 114
12 17 12 118
12 17 13 122
12 17 14 126
12 17 15 130
12 17 16 134
12 17 17 138
12 17 18 142
12 17 19 146
12 17 20 150
12 17 21 154
12 18 2 80
12 18 3 84
12 18 4 88
12 18 5 92
12 18 6 96
12 18 7 100
12 18 8 104
12 18 9 108
12 18 10 112
12 18 11 116
12 18 12 120
12 18 13 124
12 18 14 128
12 18 15 132
12 18 16 136
12 18 17 140
12 18 18 144
12 18 19 148
12 18 20 152
12 18 21 156
12 19 2 82
12 19 3 86
12 19 4 90
12 19 5 94
12 19 6 98
12 19 7 102
12 19 8 106
12 19 9 110
12 19 10 114
12 19 11 118
12 19 12 122
12 19 13 126
12 19 14 130
12 19 15 134
12 19 16 138
12 19 17 142
12 19 18 146
12 19 19 150
12 19 20 154
12 19 21 158
12 20 2 84
12 20 3 88
12 20 4 92
12 20 5 96
12 20 6 100
12 20 7 104
12 20 8 108
12 20 9 112
12 20 10 116
12 20 11 120
12 20 12 124
12 20 13 128
12 20 14 132
12 20 15 136
12 20 16 140
12 20 17 144
12 20 18 148
12 20 19 152
12 20 20 156
12 20 21 160
12 21 2 86
12 21 3 90
12 21 4 94
12 21 5 98
12 21 6 102
12 21 7 106
12 21 8 110
12 21 9 114
12 21 10 118
12 21 11 122
12 21 12 126
12 21 13 130
12 21 14 134
12 21 15 138
12 21 16 142
12 21 17 146
12 21 18 150
12 21 19 154
12 21 20 158
12 21 21 162
12 22 2 88
12 22 3 92
12 22 4 96
12 22 5 100
12 22 6 104
12 22 7 108
12 22 8 112
12 22 9 116
12 22 10 120
12 22 11 124
12 22 12 128
12 22 13 132
12 22 14 136
12 22 15 140
12 22 16 144
12 22 17 148
12 22 18 152
12 22 19 156
12 22 20 160
12 22 21 164
12 23 2 90
12 23 3 94
12 23 4 98
12 23 5 102
12 23 6 106
12 23 7 110
12 23 8 114
12 23 9 118
12 23 10 122
12 23 11 126
12 23 12 130
12 23 13 134
12 23 14 138
12 23 15 142
12 23 16 146
12 23 17 150
12 23 18 154
12 23 19 158
12 23 20 162
12 23 21 166
12 24 2 92
12 24 3 96
12 24 4 100
12 24 5 104
12 24 6 108
12 24 7 112
12 24 8 116
12 24 9 120
12 24 10 124
12 24 11 128
12 24 12 132
12 24 13 136
12 24 14 140
12 24 15 144
12 24 16 148
12 24 17 152
12 24 18 156
12 24 19 160
12 24 20 164
12 24 21 168
12 25 2 94
12 25 3 98
12 25 4 102
12 25 5 106
12 25 6 110
12 25 7 114
12 25 8 118
12 25 9 122
12 25 10 126
12 25 11 130
12 25 12 134
12 25 13 138
12 25 14 142
12 25 15 146
12 25 16 150
12 25 17 154
12 25 18 158
12 25 19 162
12 25 20 166
12 25 21 170
12 26 2 96
12 26 3 100
12 26 4 104
12 26 5 108
12 26 6 112
12 26 7 116
12 26 8 120
12 26 9 124
12 26 10 128
12 26 11 132
12 26 12 136
12 26 13 140
12 26 14 144
12 26 15 148
12 26 16 152
12 26 17 156
12 26 18 160
12 26 19 164
12 26 20 168
12 26 21 172
12 27 2 98
12 27 3 102
12 27 4 106
12 27 5 110
12 27 6 114
12 27 7 118
12 27 8 122
12 27 9 126
12 27 10 130
12 27 11 134
12 27 12 138
12 27 13 142
12 27 14 146
12 27 15 150
12 27 16 154
12 27 17 158
12 27 18 162
12 27 19 166
12 27 20 170
12 27 21 174
12 28 2 100
12 28 3 104
12 28 4 108
12 28 5 112
12 28 6 116
12 28 7 120
12 28 8 124
12 28 9 128
12 28 10 132
12 28 11 136
12 28 12 140
12 28 13 144
12 28 14 148
12 28 15 152
12 28 16 156
12 28 17 160
12 28 18 164
12 28 19 168
12 28 20 172
12 28 21 176
12 29 2 102
12 29 3 106
12 29 4 110
12 29 5 114
12 29 6 118
12 29 7 122
12 29 8 126
12 29 9 130
12 29 10 134
12 29 11 138
12 29 12 142
12 29 13 146
12 29 14 150
12 29 15 154
12 29 16 158
12 29 17 162
12 29 18 166
12 29 19 170
12 29 20 174
12 29 21 178
13 10 2 67
13 10 3 71
13 10 4 75
13 10 5 79
13 10 6 83
13 10 7 87
13 10 8 91
13 10 9 95
13 10 10 99
13 10 11 103
13 10 12 107
13 10 13 111
13 10 14 115
13 10 15 119
13 10 16 123
13 10 17 127
13 10 18 131
13 10 19 135
13 10 20 139
13 10 21 143
13 11 2 69
13 11 3 73
13 11 4 77
13 11 5 81
13 11 6 85
13 11 7 89
13 11 8 93
13 11 9 97
13 11 10 101
13 11 11 105
13 11 12 109
13 11 13 113
13 11 14 117
13 11 15 121
13 11 16 125
13 11 17 129
13 11 18 133
13 11 19 137
13 11 20 141
13 11 21 145
13 12 2 71
13 12 3 75
13 12 4 79
13 12 5 83
13 12 6 87
13 12 7 91
13 12 8 95
13 12 9 99
13 12 10 103
13 12 11 107
13 12 12 111
13 12 13 115
13 12 14 119
13 12 15 123
13 12 16 127
13 12 17 131
13 12 18 135
13 12 19 139
13 12 20 143
13 12 21 147
13 13 2 73
13 13 3 77
13 13 4 81
13 13 5 85
13 13 6 89
13 13 7 93
13 13 8 97
13 13 9 101
13 13 10 105
13 13 11 109
13 13 12 113
13 13 13 117
13 13 14 121
13 13 15 125
13 13 16 129
13 13 17 133
13 13 18 137
13 13 19 141
13 13 20 145
13 13 21 149
13 14 2 75
13 14 3 79
13 14 4 83
13 14 5 87
13 14 6 91
13 14 7 95
13 14 8 99
13 14 9 103
13 14 10 107
13 14 11 111
13 14 12 115
13 14 13 119
13 14 14 123
13 14 15 127
13 14 16 131
13 14 17 135
13 14 18 139
13 14 19 143
13 14 20 147
13 14 21 151
13 15 2 77
13 15 3 81
13 15 4 85
13 15 5 89
13 15 6 93
13 15 7 97
13 15 8 101
13 15 9 105
13 15 10 109
13 15 11 113
13 15 12 117
13 15 13 121
13 15 14 125
13 15 15 129
13 15 16 133
13 15 17 137
13 15 18 141
13 15 19 145
13 15 20 149
13 15 21 153
13 16 2 79
13 16 3 83
13 16 4 87
13 16 5 91
13 16 6 95
13 16 7 99
13 16 8 103
13 16 9 107
13 16 10 111
13 16 11 115
13 16 12 119
13 16 13 123
13 16 14 127
13 16 15 131
13 16 16 135
13 16 17 139
13 16 18 143
13 16 19 147
13 16 20 151
13 16 21 155
13 17 2 81
13 17 3 85
13 17 4 89
13 17 5 93
13 17 6 97
13 17 7 101
13 17 8 105
13 17 9 109
13 17 10 113
13 17 11 117
13 17 12 121
13 17 13 125
13 17 14 129
13 17 15 133
13 17 16 137
13 17 17 141
13 17 18 145
13 17 19 149
13 17 20 153
13 17 21 157
13 18 2 83
13 18 3 87
13 18 4 91
13 18 5 95
13 18 6 99
13 18 7 103
13 18 8 107
13 18 9 111
13 18 10 115
13 18 11 119
13 18 12 123
13 18 13 127
13 18 14 131
13 18 15 135
13 18 16 139
13 18 17 143
13 18 18 147
13 18 19 151
13 18 20 155
13 18 21 159
13 19 2 85
13 19 3 89
13 19 4 93
13 19 5 97
13 19 6 101
13 19 7 105
13 19 8 109
13 19 9 113
13 19 10 117
13 19 11 121
13 19 12 125
13 19 13 129
13 19 14 133
13 19 15 137
13 19 16 141
13 19 17 145
13 19 18 149
13 19 19 153
13 19 20 157
13 19 21 161
13 20 2 87
13 20 3 91
13 20 4 95
13 20 5 99
13 20 6 103
13 20 7 107
13 20 8 111
13 20 9 115
13 20 10 119
13 20 11 123
13 20 12 127
13 20 13 131
13 20 14 135
13 20 15 139
13 20 16 143
13 20 17 147
13 20 18 151
13 20 19 155
13 20 20 159
13 20 21 163
13 21 2 89
13 21 3 93
13 21 4 97
13 21 5 101
13 21 6 105
13 21 7 109
13 21 8 113
13 21 9 117
13 21 10 121
13 21 11 125
13 21 12 129
13 21 13 133
13 21 14 137
13 21 15 141
13 21 16 145
13 21 17 149
13 21 18 153
13 21 19 157
13 21 20 161
13 21 21 165
13 22 2 91
13 22 3 95
13 22 4 99
13 22 5 103
13 22 6 107
13 22 7 111
13 22 8 115
13 22 9 119
13 22 10 123
13 22 11 127
13 22 12 131
13 22 13 135
13 22 14 139
13 22 15 143
13 22 16 147
13 22 17 151
13 22 18 155
13 22 19 159
13 22 20 163
13 22 21 167
13 23 2 93
13 23 3 97
13 23 4 101
13 23 5 105
13 23 6 109
13 23 7 113
13 23 8 117
13 23 9 121
13 23 10 125
13 23 11 129
13 23 12 133
13 23 13 137
13 23 14 141
13 23 15 145
13 23 16 149
13 23 17 153
13 23 18 157
13 23 19 161
13 23 20 165
13 23 21 169
13 24 2 95
13 24 3 99
13 24 4 103
13 24 5 107
13 24 6 111
13 24 7 115
13 24 8 119
13 24 9 123
13 24 10 127
13 24 11 131
13 24 12 135
13 24 13 139
13 24 14 143
13 24 15 147
13 24 16 151
13 24 17 155
13 24 18 159
13 24 19 163
13 24 20 167
13 24 21 171
13 25 2 97
13 25 3 101
13 25 4 105
13 25 5 109
13 25 6 113
13 25 7 117
13 25 8 121
13 25 9 125
13 25 10 129
13 25 11 133
13 25 12 137
13 25 13 141
13 25 14 145
13 25 15 149
13 25 16 153
13 25 17 157
13 25 18 161
13 25 19 165
13 25 20 169
13 25 21 173
13 26 2 99
13 26 3 103
13 26 4 107
13 26 5 111
13 26 6 115
13 26 7 119
13 26 8 123
13 26 9 127
13 26 10 131
13 26 11 135
13 26 12 139
13 26 13 143
13 26 14 147
13 26 15 151
13 26 16 155
13 26 17 159
13 26 18 163
13 26 19 167
13 26 20 171
13 26 21 175
13 27 2 101
13 27 3 105
13 27 4 109
13 27 5 113
13 27 6 117
13 27 7 121
13 27 8 125
13 27 9 129
13 27 10 133
13 27 11 137
13 27 12 141
13 27 13 145
13 27 14 149
13 27 15 153
13 27 16 157
13 27 17 161
13 27 18 165
13 27 19 169
13 27 20 173
13 27 21 177
13 28 2 103
13 28 3 107
13 28 4 111
13 28 5 115
13 28 6 119
13 28 7 123
13 28 8 127
13 28 9 131
13 28 10 135
13 28 11 139
13 28 12 143
13 28 13 147
13 28 14 151
13 28 15 155
13 28 16 159
13 28 17 163
13 28 18 167
13 28 19 171
13 28 20 175
13 28 21 179
13 29 2 105
13 29 3 109
13 29 4 113
13 29 5 117
13 29 6 121
13 29 7 125
13 29 8 129
13 29 9 133
13 29 10 137
13 29 11 141
13 29 12 145
13 29 13 149
13 29 14 153
13 29 15 157
13 29 16 161
13 29 17 165
13 29 18 169
13 29 19 173
13 29 20 177
13 29 21 181
14 10 2 70
14 10 3 74
14 10 4 78
14 10 5 82
14 10 6 86
14 10 7 90
14 10 8 94
14 10 9 98
14 10 10 102
14 10 11 106
14 10 12 110
14 10 13 114
14 10 14 118
14 10 15 122
14 10 16 126
14 10 17 130
14 10 18 134
14 10 19 138
14 10 20 142
14 10 21 146
14 11 2 72
14 11 3 76
14 11 4 80
14 11 5 84
14 11 6 88
14 11 7 92
14 11 8 96
14 11 9 100
14 11 10 104
14 11 11 108
14 11 12 112
14 11 13 116
14 11 14 120
14 11 15 124
14 11 16 128
14 11 17 132
14 11 18 136
14 11 19 140
14 11 20 144
14 11 21 148
14 12 2 74
14 12 3 78
14 12 4 82
14 12 5 86
14 12 6 90
14 12 7 94
14 12 8 98
14 12 9 102
14 12 10 106
14 12 11 110
14 12 12 114
14 12 13 118
14 12 14 122
14 12 15 126
14 12 16 130
14 12 17 134
14 12 18 138
14 12 19 142
14 12 20 146
14 12 21 150
14 13 2 76
14 13 3 80
14 13 4 84
14 13 5 88
14 13 6 92
14 13 7 96
14 13 8 100
14 13 9 104
14 13 10 108
14 13 11 112
14 13 12 116
14 13 13 120
14 13 14 124
14 13 15 128
14 13 16 132
14 13 17 136
14 13 18 140
14 13 19 144
14 13 20 148
14 13 21 152
14 14 2 78
14 14 3 82
14 14 4 86
14 14 5 90
14 14 6 94
14 14 7 98
14 14 8 102
14 14 9 106
14 14 10 110
14 14 11 114
14 14 12 118
14 14 13 122
14 14 14 126
14 14 15 130
14 14 16 134
14 14 17 138
14 14 18 142
14 14 19 146
14 14 20 150
14 14 21 154
14 15 2 80
14 15 3 84
14 15 4 88
14 15 5 92
14 15 6 96
14 15 7 100
14 15 8 104
14 15 9 108
14 15 10 112
14 15 11 116
14 15 12 120
14 15 13 124
14 15 14 128
14 15 15 132
14 15 16 136
14 15 17 140
14 15 18 144
14 15 19 148
14 15 20 152
14 15 21 156
14 16 2 82
14 16 3 86
14 16 4 90
14 16 5 94
14 16 6 98
14 16 7 102
14 16 8 106
14 16 9 110
14 16 10 114
14 16 11 118
14 16 12 122
14 16 13 126
14 16 14 130
14 16 15 134
14 16 16 138
14 16 17 142
14 16 18 146
14 16 19 150
14 16 20 154
14 16 21 158
14 17 2 84
14 17 3 88
14 17 4 92
14 17 5 96
14 17 6 100
14 17 7 104
14 17 8 108
14 17 9 112
14 17 10 116
14 17 11 120
14 17 12 124
14 17 13 128
14 17 14 132
14 17 15 136
14 17 16 140
14 17 17 144
14 17 18 148
14 17 19 152
14 17 20 156
14 17 21 160
14 18 2 86
14 18 3 90
14 18 4 94
14 18 5 98
14 18 6 102
14 18 7 106
14 18 8 110
14 18 9 114
14 18 10 118
14 18 11 122
14 18 12 126
14 18 13 130
14 18 14 134
14 18 15 138
14 18 16 142
14 18 17 146
14 18 18 150
14 18 19 154
14 18 20 158
14 18 21 162
14 19 2 88
14 19 3 92
14 19 4 96
14 19 5 100
14 19 6 104
14 19 7 108
14 19 8 112
14 19 9 116
14 19 10 120
14 19 11 124
14 19 12 128
14 19 13 132
14 19 14 136
14 19 15 140
14 19 16 144
14 19 17 148
14 19 18 152
14 19 19 156
14 19 20 160
14 19 21 164
14 20 2 90
14 20 3 94
14 20 4 98
14 20 5 102
14 20 6 106
14 20 7 110
14 20 8 114
14 20 9 118
14 20 10 122
14 20 11 126
14 20 12 130
14 20 13 134
14 20 14 138
14 20 15 142
14 20 16 146
14 20 17 150
14 20 18 154
14 20 19 158
14 20 20 162
14 20 21 166
14 21 2 92
14 21 3 96
14 21 4 100
14 21 5 104
14 21 6 108
14 21 7 112
14 21 8 116
14 21 9 120
14 21 10 124
14 21 11 128
14 21 12 132
14 21 13 136
14 21 14 140
14 21 15 144
14 21 16 148
14 21 17 152
14 21 18 156
14 21 19 160
14 21 20 164
14 21 21 168
14 22 2 94
14 22 3 98
14 22 4 102
14 22 5 106
14 22 6 110
14 22 7 114
14 22 8 118
14 22 9 122
14 22 10 126
14 22 11 130
14 22 12 134
14 22 13 138
14 22 14 142
14 22 15 146
14 22 16 150
14 22 17 154
14 22 18 158
14 22 19 162
14 22 20 166
14 22 21 170
14 23 2 96
14 23 3 100
14 23 4 104
14 23 5 108
14 23 6 112
14 23 7 116
14 23 8 120
14 23 9 124
14 23 10 128
14 23 11 132
14 23 12 136
14 23 13 140
14 23 14 144
14 23 15 148
14 23 16 152
14 23 17 156
14 23 18 160
14 23 19 164
14 23 20 168
14 23 21 172
14 24 2 98
14 24 3 102
14 24 4 106
14 24 5 110
14 24 6 114
14 24 7 118
14 24 8 122
14 24 9 126
14 24 10 130
14 24 11 134
14 24 12 138
14 24 13 142
14 24 14 146
14 24 15 150
14 24 16 154
14 24 17 158
14 24 18 162
14 24 19 166
14 24 20 170
14 24 21 174
14 25 2 100
14 25 3 104
14 25 4 108
14 25 5 112
14 25 6 116
14 25 7 120
14 25 8 124
14 25 9 128
14 25 10 132
14 25 11 136
14 25 12 140
14 25 13 144
14 25 14 148
14 25 15 152
14 25 16 156
14 25 17 160
14 25 18 164
14 25 19 168
14 25 20 172
14 25 21 176
14 26 2 102
14 26 3 106
14 26 4 110
14 26 5 114
14 26 6 118
14 26 7 122
14 26 8 126
14 26 9 130
14 26 10 134
14 26 11 138
14 26 12 142
14 26 13 146
14 26 14 150
14 26 15 154
14 26 16 158
14 26 17 162
14 26 18 166
14 26 19 170
14 26 20 174
14 26 21 178
14 27 2 104
14 27 3 108
14 27 4 112
14 27 5 116
14 27 6 120
14 27 7 124
14 27 8 128
14 27 9 132
14 27 10 136
14 27 11 140
14 27 12 144
14 27 13 148
14 27 14 152
14 27 15 156
14 27 16 160
14 27 17 164
14 27 18 168
14 27 19 172
14 27 20 176
14 27 21 180
14 28 2 106
14 28 3 110
14 28 4 114
14 28 5 118
14 28 6 122
14 28 7 126
14 28 8 130
14 28 9 134
14 28 10 138
14 28 11 142
14 28 12 146
14 28 13 150
14 28 14 154
14 28 15 158
14 28 16 162
14 28 17 166
14 28 18 170
14 28 19 174
14 28 20 178
14 28 21 182
14 29 2 108
14 29 3 112
14 29 4 116
14 29 5 120
14 29 6 124
14 29 7 128
14 29 8 132
14 29 9 136
14 29 10 140
14 29 11 144
14 29 12 148
14 29 13 152
14 29 14 156
14 29 15 160
14 29 16 164
14 29 17 168
14 29 18 172
14 29 19 176
14 29 20 180
14 29 21 184
15 10 2 73
15 10 3 77
15 10 4 81
15 10 5 85
15 10 6 89
15 10 7 93
15 10 8 97
15 10 9 101
15 10 10 105
15 10 11 109
15 10 12 113
15 10 13 117
15 10 14 121
15 10 15 125
15 10 16 129
15 10 17 133
15 10 18 137
15 10 19 141
15 10 20 145
15 10 21 149
15 11 2 75
15 11 3 79
15 11 4 83
15 11 5 87
15 11 6 91
15 11 7 95
15 11 8 99
15 11 9 103
15 11 10 107
15 11 11 111
15 11 12 115
15 11 13 119
15 11 14 123
15 11 15 127
15 11 16 131
15 11 17 135
15 11 18 139
15 11 19 143
15 11 20 147
15 11 21 151
15 12 2 77
15 12 3 81
15 12 4 85
15 12 5 89
15 12 6 93
15 12 7 97
15 12 8 101
15 12 9 105
15 12 10 109
15 12 11 113
15 12 12 117
15 12 13 121
15 12 14 125
15 12 15 129
15 12 16 133
15 12 17 137
15 12 18 141
15 12 19 145
15 12 20 149
15 12 21 153
15 13 2 79
15 13 3 83
15 13 4 87
15 13 5 91
15 13 6 95
15 13 7 99
15 13 8 103
15 13 9 107
15 13 10 111
15 13 11 115
15 13 12 119
15 13 13 123
15 13 14 127
15 13 15 131
15 13 16 135
15 13 17 139
15 13 18 143
15 13 19 147
15 13 20 151
15 13 21 155
15 14 2 81
15 14 3 85
15 14 4 89
15 14 5 93
15 14 6 97
15 14 7 101
15 14 8 105
15 14 9 109
15 14 10 113
15 14 11 117
15 14 12 121
15 14 13 125
15 14 14 129
15 14 15 133
15 14 16 137
15 14 17 141
15 14 18 145
15 14 19 149
15 14 20 153
15 14 21 157
15 15 2 83
15 15 3 87
15 15 4 91
15 15 5 95
15 15 6 99
15 15 7 103
15 15 8 107
15 15 9 111
15 15 10 115
15 15 11 119
15 15 12 123
15 15 13 127
15 15 14 131
15 15 15 135
15 15 16 139
15 15 17 143
15 15 18 147
15 15 19 151
15 15 20 155
15 15 21 159
15 16 2 85
15 16 3 89
15 16 4 93
15 16 5 97
15 16 6 101
15 16 7 105
15 16 8 109
15 16 9 113
15 16 10 117
15 16 11 121
15 16 12 125
15 16 13 129
15 16 14 133
15 16 15 137
15 16 16 141
15 16 17 145
15 16 18 149
15 16 19 153
15 16 20 157
15 16 21 161
15 17 2 87
15 17 3 91
15 17 4 95
15 17 5 99
15 17 6 103
15 17 7 107
15 17 8 111
15 17 9 115
15 17 10 119
15 17 11 123
15 17 12 127
15 17 13 131
15 17 14 135
15 17 15 139
15 17 16 143
15 17 17 147
15 17 18 151
15 17 19 155
15 17 20 159
15 17 21 163
15 18 2 89
15 18 3 93
15 18 4 97
15 18 5 101
15 18 6 105
15 18 7 109
15 18 8 113
15 18 9 117
15 18 10 121
15 18 11 125
15 18 12 129
15 18 13 133
15 18 14 137
15 18 15 141
15 18 16 145
15 18 17 149
15 18 18 153
15 18 19 157
15 18 20 161
15 18 21 165
15 19 2 91
15 19 3 95
15 19 4 99
15 19 5 103
15 19 6 107
15 19 7 111
15 19 8 115
15 19 9 119
15 19 10 123
15 19 11 127
15 19 12 131
15 19 13 135
15 19 14 139
15 19 15 143
15 19 16 147
15 19 17 151
15 19 18 155
15 19 19 159
15 19 20 163
15 19 21 167
15 20 2 93
15 20 3 97
15 20 4 101
15 20 5 105
15 20 6 109
15 20 7 113
15 20 8 117
15 20 9 121
15 20 10 125
15 20 11 129
15 20 12 133
15 20 13 137
15 20 14 141
15 20 15 145
15 20 16 149
15 20 17 153
15 20 18 157
15 20 19 161
15 20 20 165
15 20 21 169
15 21 2 95
15 21 3 99
15 21 4 103
15 21 5 107
15 21 6 111
15 21 7 115
15 21 8 119
15 21 9 123
15 21 10 127
15 21 11 131
15 21 12 135
15 21 13 139
15 21 14 143
15 21 15 147
15 21 16 151
15 21 17 155
15 21 18 159
15 21 19 163
15 21 20 167
15 21 21 171
15 22 2 97
15 22 3 101
15 22 4 105
15 22 5 109
15 22 6 113
15 22 7 117
15 22 8 121
15 22 9 125
15 22 10 129
15 22 11 133
15 22 12 137
15 22 13 141
15 22 14 145
15 22 15 149
15 22 16 153
15 22 17 157
15 22 18 161
15 22 19 165
15 22 20 169
15 22 21 173
15 23 2 99
15 23 3 103
15 23 4 107
15 23 5 111
15 23 6 115
15 23 7 119
15 23 8 123
15 23 9 127
15 23 10 131
15 23 11 135
15 23 12 139
15 23 13 143
15 23 14 147
15 23 15 151
15 23 16 155
15 23 17 159
15 23 18 163
15 23 19 167
15 23 20 171
15 23 21 175
15 24 2 101
15 24 3 105
15 24 4 109
15 24 5 113
15 24 6 117
15 24 7 121
15 24 8 125
15 24 9 129
15 24 10 133
15 24 11 137
15 24 12 141
15 24 13 145
15 24 14 149
15 24 15 153
15 24 16 157
15 24 17 161
15 24 18 165
15 24 19 169
15 24 20 173
15 24 21 177
15 25 2 103
15 25 3 107
15 25 4 111
15 25 5 115
15 25 6 119
15 25 7 123
15 25 8 127
15 25 9 131
15 25 10 135
15 25 11 139
15 25 12 143
15 25 13 147
15 25 14 151
15 25 15 155
15 25 16 159
15 25 17 163
15 25 18 167
15 25 19 171
15 25 20 175
15 25 21 179
15 26 2 105
15 26 3 109
15 26 4 113
15 26 5 117
15 26 6 121
15 26 7 125
15 26 8 129
15 26 9 133
15 26 10 137
15 26 11 141
15 26 12 145
15 26 13 149
15 26 14 153
15 26 15 157
15 26 16 161
15 26 17 165
15 26 18 169
15 26 19 173
15 26 20 177
15 26 21 181
15 27 2 107
15 27 3 111
15 27 4 115
15 27 5 119
15 27 6 123
15 27 7 127
15 27 8 131
15 27 9 135
15 27 10 139
15 27 11 143
15 27 12 147
15 27 13 151
15 27 14 155
15 27 15 159
15 27 16 163
15 27 17 167
15 27 18 171
15 27 19 175
15 27 20 179
15 27 21 183
15 28 2 109
15 28 3 113
15 28 4 117
15 28 5 121
15 28 6 125
15 28 7 129
15 28 8 133
15 28 9 137
15 28 10 141
15 28 11 145
15 28 12 149
15 28 13 153
15 28 14 157
15 28 15 161
15 28 16 165
15 28 17 169
15 28 18 173
15 28 19 177
15 28 20 181
15 28 21 185
15 29 2 111
15 29 3 115
15 29 4 119
15 29 5 123
15 29 6 127
15 29 7 131
15 29 8 135
15 29 9 139
15 29 10 143
15 29 11 147
15 29 12 151
15 29 13 155
15 29 14 159
15 29 15 163
15 29 16 167
15 29 17 171
15 29 18 175
15 29 19 179
15 29 20 183
15 29 21 187
16 10 2 76
16 10 3 80
16 10 4 84
16 10 5 88
16 10 6 92
16 10 7 96
16 10 8 100
16 10 9 104
16 10 10 108
16 10 11 112
16 10 12 116
16 10 13 120
16 10 14 124
16 10 15 128
16 10 16 132
16 10 17 136
16 10 18 140
16 10 19 144
16 10 20 148
16 10 21 152
16 11 2 78
16 11 3 82
16 11 4 86
16 11 5 90
16 11 6 94
16 11 7 98
16 11 8 102
16 11 9 106
16 11 10 110
16 11 11 114
16 11 12 118
16 11 13 122
16 11 14 126
16 11 15 130
16 11 16 134
16 11 17 138
16 11 18 142
16 11 19 146
16 11 20 150
16 11 21 154
16 12 2 80
16 12 3 84
16 12 4 88
16 12 5 92
16 12 6 96
16 12 7 100
16 12 8 104
16 12 9 108
16 12 10 112
16 12 11 116
16 12 12 120
16 12 13 124
16 12 14 128
16 12 15 132
16 12 16 136
16 12 17 140
16 12 18 144
16 12 19 148
16 12 20 152
16 12 21 156
16 13 2 82
16 13 3 86
16 13 4 90
16 13 5 94
16 13 6 98
16 13 7 102
16 13 8 106
16 13 9 110
16 13 10 114
16 13 11 118
16 13 12 122
16 13 13 126
16 13 14 130
16 13 15 134
16 13 16 138
16 13 17 142
16 13 18 146
16 13 19 150
16 13 20 154
16 13 21 158
16 14 2 84
16 14 3 88
16 14 4 92
16 14 5 96
16 14 6 100
16 14 7 104
16 14 8 108
16 14 9 112
16 14 10 116
16 14 11 120
16 14 12 124
16 14 13 128
16 14 14 132
16 14 15 136
16 14 16 140
16 14 17 144
16 14 18 148
16 14 19 152
16 14 20 156
16 14 21 160
16 15 2 86
16 15 3 90
16 15 4 94
16 15 5 98
16 15 6 102
16 15 7 106
16 15 8 110
16 15 9 114
16 15 10 118
16 15 11 122
16 15 12 126
16 15 13 130
16 15 14 134
16 15 15 138
16 15 16 142
16 15 17 146
16 15 18 150
16 15 19 154
16 15 20 158
16 15 21 162
16 16 2 88
16 16 3 92
16 16 4 96
16 16 5 100
16 16 6 104
16 16 7 108
16 16 8 112
16 16 9 116
16 16 10 120
16 16 11 124
16 16 12 128
16 16 13 132
16 16 14 136
16 16 15 140
16 16 16 144
16 16 17 148
16 16 18 152
16 16 19 156
16 16 20 160
16 16 21 164
16 17 2 90
16 17 3 94
16 17 4 98
16 17 5 102
16 17 6 106
16 17 7 110
16 17 8 114
16 17 9 118
16 17 10 122
16 17 11 126
16 17 12 130
16 17 13 134
16 17 14 138
16 17 15 142
16 17 16 146
16 17 17 150
16 17 18 154
16 17 19 158
16 17 20 162
16 17 21 166
16 18 2 92
16 18 3 96
16 18 4 100
16 18 5 104
16 18 6 108
16 18 7 112
16 18 8 116
16 18 9 120
16 18 10 124
16 18 11 128
16 18 12 132
16 18 13 136
16 18 14 140
16 18 15 144
16 18 16 148
16 18 17 152
16 18 18 156
16 18 19 160
16 18 20 164
16 18 21 168
16 19 2 94
16 19 3 98
16 19 4 102
16 19 5 106
16 19 6 110
16 19 7 114
16 19 8 118
16 19 9 122
16 19 10 126
16 19 11 130
16 19 12 134
16 19 13 138
16 19 14 142
16 19 15 146
16 19 16 150
16 19 17 154
16 19 18 158
16 19 19 162
16 19 20 166
16 19 21 170
16 20 2 96
16 20 3 100
16 20 4 104
16 20 5 108
16 20 6 112
16 20 7 116
16 20 8 120
16 20 9 124
16 20 10 128
16 20 11 132
16 20 12 136
16 20 13 140
16 20 14 144
16 20 15 148
16 20 16 152
16 20 17 156
16 20 18 160
16 20 19 164
16 20 20 168
16 20 21 172
16 21 2 98
16 21 3 102
16 21 4 106
16 21 5 110
16 21 6 114
16 21 7 118
16 21 8 122
16 21 9 126
16 21 10 130
16 21 11 134
16 21 12 138
16 21 13 142
16 21 14 146
16 21 15 150
16 21 16 154
16 21 17 158
16 21 18 162
16 21 19 166
16 21 20 170
16 21 21 174
16 22 2 100
16 22 3 104
16 22 4 108
16 22 5 112
16 22 6 116
16 22 7 120
16 22 8 124
16 22 9 128
16 22 10 132
16 22 11 136
16 22 12 140
16 22 13 144
16 22 14 148
16 22 15 152
16 22 16 156
16 22 17 160
16 22 18 164
16 22 19 168
16 22 20 172
16 22 21 176
16 23 2 102
16 23 3 106
16 23 4 110
16 23 5 114
16 23 6 118
16 23 7 122
16 23 8 126
16 23 9 130
16 23 10 134
16 23 11 138
16 23 12 142
16 23 13 146
16 23 14 150
16 23 15 154
16 23 16 158
16 23 17 162
16 23 18 166
16 23 19 170
16 23 20 174
16 23 21 178
16 24 2 104
16 24 3 108
16 24 4 112
16 24 5 116
16 24 6 120
16 24 7 124
16 24 8 128
16 24 9 132
16 24 10 136
16 24 11 140
16 24 12 144
16 24 13 148
16 24 14 152
16 24 15 156
16 24 16 160
16 24 17 164
16 24 18 168
16 24 19 172
16 24 20 176
16 24 21 180
16 25 2 106
16 25 3 110
16 25 4 114
16 25 5 118
16 25 6 122
16 25 7 126
16 25 8 130
16 25 9 134
16 25 10 138
16 25 11 142
16 25 12 146
16 25 13 150
16 25 14 154
16 25 15 158
16 25 16 162
16 25 17 166
16 25 18 170
16 25 19 174
16 25 20 178
16 25 21 182
16 26 2 108
16 26 3 112
16 26 4 116
16 26 5 120
16 26 6 124
16 26 7 128
16 26 8 132
16 26 9 136
16 26 10 140
16 26 11 144
16 26 12 148
16 26 13 152
16 26 14 156
16 26 15 160
16 26 16 164
16 26 17 168
16 26 18 172
16 26 19 176
16 26 20 180
16 26 21 184
16 27 2 110
16 27 3 114
16 27 4 118
16 27 5 122
16 27 6 126
16 27 7 130
16 27 8 134
16 27 9 138
16 27 10 142
16 27 11 146
16 27 12 150
16 27 13 154
16 27 14 158
16 27 15 162
16 27 16 166
16 27 17 170
16 27 18 174
16 27 19 178
16 27 20 182
16 27 21 186
16 28 2 112
16 28 3 116
16 28 4 120
16 28 5 124
16 28 6 128
16 28 7 132
16 28 8 136
16 28 9 140
16 28 10 144
16 28 11 148
16 28 12 152
16 28 13 156
16 28 14 160
16 28 15 164
16 28 16 168
16 28 17 172
16 28 18 176
16 28 19 180
16 28 20 184
16 28 21 188
16 29 2 114
16 29 3 118
16 29 4 122
16 29 5 126
16 29 6 130
16 29 7 134
16 29 8 138
16 29 9 142
16 29 10 146
16 29 11 150
16 29 12 154
16 29 13 158
16 29 14 162
16 29 15 166
16 29 16 170
16 29 17 174
16 29 18 178
16 29 19 182
16 29 20 186
16 29 21 190
17 10 2 79
17 10 3 83
17 10 4 87
17 10 5 91
17 10 6 95
17 10 7 99
17 10 8 103
17 10 9 107
17 10 10 111
17 10 11 115
17 10 12 119
17 10 13 123
17 10 14 127
17 10 15 131
17 10 16 135
17 10 17 139
17 10 18 143
17 10 19 147
17 10 20 151
17 10 21 155
17 11 2 81
17 11 3 85
17 11 4 89
17 11 5 93
17 11 6 97
17 11 7 101
17 11 8 105
17 11 9 109
17 11 10 113
17 11 11 117
17 11 12 121
17 11 13 125
17 11 14 129
17 11 15 133
17 11 16 137
17 11 17 141
17 11 18 145
17 11 19 149
17 11 20 153
17 11 21 157
17 12 2 83
17 12 3 87
17 12 4 91
17 12 5 95
17 12 6 99
17 12 7 103
17 12 8 107
17 12 9 111
17 12 10 115
17 12 11 119
17 12 12 123
17 12 13 127
17 12 14 131
17 12 15 135
17 12 16 139
17 12 17 143
17 12 18 147
17 12 19 151
17 12 20 155
17 12 21 159
17 13 2 85
17 13 3 89
17 13 4 93
17 13 5 97
17 13 6 101
17 13 7 105
17 13 8 109
17 13 9 113
17 13 10 117
17 13 11 121
17 13 12 125
17 13 13 129
17 13 14 133
17 13 15 137
17 13 16 141
17 13 17 145
17 13 18 149
17 13 19 153
17 13 20 157
17 13 21 161
17 14 2 87
17 14 3 91
17 14 4 95
17 14 5 99
17 14 6 103
17 14 7 107
17 14 8 111
17 14 9 115
17 14 10 119
17 14 11 123
17 14 12 127
17 14 13 131
17 14 14 135
17 14 15 139
17 14 16 143
17 14 17 147
17 14 18 151
17 14 19 155
17 14 20 159
17 14 21 163
17 15 2 89
17 15 3 93
17 15 4 97
17 15 5 101
17 15 6 105
17 15 7 109
17 15 8 113
17 15 9 117
17 15 10 121
17 15 11 125
17 15 12 129
17 15 13 133
17 15 14 137
17 15 15 141
17 15 16 145
17 15 17 149
17 15 18 153
17 15 19 157
17 15 20 161
17 15 21 165
17 16 2 91
17 16 3 95
17 16 4 99
17 16 5 103
17 16 6 107
17 16 7 111
17 16 8 115
17 16 9 119
17 16 10 123
17 16 11 127
17 16 12 131
17 16 13 135
17 16 14 139
17 16 15 143
17 16 16 147
17 16 17 151
17 16 18 155
17 16 19 159
17 16 20 163
17 16 21 167
17 17 2 93
17 17 3 97
17 17 4 101
17 17 5 105
17 17 6 109
17 17 7 113
17 17 8 117
17 17 9 121
17 17 10 125
17 17 11 129
17 17 12 133
17 17 13 137
17 17 14 141
17 17 15 145
17 17 16 149
17 17 17 153
17 17 18 157
17 17 19 161
17 17 20 165
17 17 21 169
17 18 2 95
17 18 3 99
17 18 4 103
17 18 5 107
17 18 6 111
17 18 7 115
17 18 8 119
17 18 9 123
17 18 10 127
17 18 11 131
17 18 12 135
17 18 13 139
17 18 14 143
17 18 15 147
17 18 16 151
17 18 17 155
17 18 18 159
17 18 19 163
17 18 20 167
17 18 21 171
17 19 2 97
17 19 3 101
17 19 4 105
17 19 5 109
17 19 6 113
17 19 7 117
17 19 8 121
17 19 9 125
17 19 10 129
17 19 11 133
17 19 12 137
17 19 13 141
17 19 14 145
17 19 15 149
17 19 16 153
17 19 17 157
17 19 18 161
17 19 19 165
17 19 20 169
17 19 21 173
17 20 2 99
17 20 3 103
17 20 4 107
17 20 5 111
17 20 6 115
17 20 7 119
17 20 8 123
17 20 9 127
17 20 10 131
17 20 11 135
17 20 12 139
17 20 13 143
17 20 14 147
17 20 15 151
17 20 16 155
17 20 17 159
17 20 18 163
17 20 19 167
17 20 20 171
17 20 21 175
17 21 2 101
17 21 3 105
17 21 4 109
17 21 5 113
17 21 6 117
17 21 7 121
17 21 8 125
17 21 9 129
17 21 10 133
17 21 11 137
17 21 12 141
17 21 13 145
17 21 14 149
17 21 15 153
17 21 16 157
17 21 17 161
17 21 18 165
17 21 19 169
17 21 20 173
17 21 21 177
17 22 2 103
17 22 3 107
17 22 4 111
17 22 5 115
17 22 6 119
17 22 7 123
17 22 8 127
17 22 9 131
17 22 10 135
17 22 11 139
17 22 12 143
17 22 13 147
17 22 14 151
17 22 15 155
17 22 16 159
17 22 17 163
17 22 18 167
17 22 19 171
17 22 20 175
17 22 21 179
17 23 2 105
17 23 3 109
17 23 4 113
17 23 5 117
17 23 6 121
17 23 7 125
17 23 8 129
17 23 9 133
17 23 10 137
17 23 11 141
17 23 12 145
17 23 13 149
17 23 14 153
17 23 15 157
17 23 16 161
17 23 17 165
17 23 18 169
17 23 19 173
17 23 20 177
17 23 21 181
17 24 2 107
17 24 3 111
17 24 4 115
17 24 5 119
17 24 6 123
17 24 7 127
17 24 8 131
17 24 9 135
17 24 10 139
17 24 11 143
17 24 12 147
17 24 13 151
17 24 14 155
17 24 15 159
17 24 16 163
17 24 17 167
17 24 18 171
17 24 19 175
17 24 20 179
17 24 21 183
17 25 2 109
17 25 3 113
17 25 4 117
17 25 5 121
17 25 6 125
17 25 7 129
17 25 8 133
17 25 9 137
17 25 10 141
17 25 11 145
17 25 12 149
17 25 13 153
17 25 14 157
17 25 15 161
17 25 16 165
17 25 17 169
17 25 18 173
17 25 19 177
17 25 20 181
17 25 21 185
17 26 2 111
17 26 3 115
17 26 4 119
17 26 5 123
17 26 6 127
17 26 7 131
17 26 8 135
17 26 9 139
17 26 10 143
17 26 11 147
17 26 12 151
17 26 13 155
17 26 14 159
17 26 15 163
17 26 16 167
17 26 17 171
17 26 18 175
17 26 19 179
17 26 20 183
17 26 21 187
17 27 2 113
17 27 3 117
17 27 4 121
17 27 5 125
17 27 6 129
17 27 7 133
17 27 8 137
17 27 9 141
17 27 10 145
17 27 11 149
17 27 12 153
17 27 13 157
17 27 14 161
17 27 15 165
17 27 16 169
17 27 17 173
17 27 18 177
17 27 19 181
17 27 20 185
17 27 21 189
17 28 2 115
17 28 3 119
17 28 4 123
17 28 5 127
17 28 6 131
17 28 7 135
17 28 8 139
17 28 9 143
17 28 10 147
17 28 11 151
17 28 12 155
17 28 13 159
17 28 14 163
17 28 15 167
17 28 16 171
17 28 17 175
17 28 18 179
17 28 19 183
17 28 20 187
17 28 21 191
17 29 2 117
17 29 3 121
17 29 4 125
17 29 5 129
17 29 6 133
17 29 7 137
17 29 8 141
17 29 9 145
17 29 10 149
17 29 11 153
17 29 12 157
17 29 13 161
17 29 14 165
17 29 15 169
17 29 16 173
17 29 17 177
17 29 18 181
17 29 19 185
17 29 20 189
17 29 21 193
18 10 2 82
18 10 3 86
18 10 4 90
18 10 5 94
18 10 6 98
18 10 7 102
18 10 8 106
18 10 9 110
18 10 10 114
18 10 11 118
18 10 12 122
18 10 13 126
18 10 14 130
18 10 15 134
18 10 16 138
18 10 17 142
18 10 18 146
18 10 19 150
18 10 20 154
18 10 21 158
18 11 2 84
18 11 3 88
18 11 4 92
18 11 5 96
18 11 6 100
18 11 7 104
18 11 8 108
18 11 9 112
18 11 10 116
18 11 11 120
18 11 12 124
18 11 13 128
18 11 14 132
18 11 15 136
18 11 16 140
18 11 17 144
18 11 18 148
18 11 19 152
18 11 20 156
18 11 21 160
18 12 2 86
18 12 3 90
18 12 4 94
18 12 5 98
18 12 6 102
18 12 7 106
18 12 8 110
18 12 9 114
18 12 10 118
18 12 11 122
18 12 12 126
18 12 13 130
18 12 14 134
18 12 15 138
18 12 16 142
18 12 17 146
18 12 18 150
18 12 19 154
18 12 20 158
18 12 21 162
18 13 2 88
18 13 3 92
18 13 4 96
18 13 5 100
18 13 6 104
18 13 7 108
18 13 8 112
18 13 9 116
18 13 10 120
18 13 11 124
18 13 12 128
18 13 13 132
18 13 14 136
18 13 15 140
18 13 16 144
18 13 17 148
18 13 18 152
18 13 19 156
18 13 20 160
18 13 21 164
18 14 2 90
18 14 3 94
18 14 4 98
18 14 5 102
18 14 6 106
18 14 7 110
18 14 8 114
18 14 9 118
18 14 10 122
18 14 11 126
18 14 12 130
18 14 13 134
18 14 14 138
18 14 15 142
18 14 16 146
18 14 17 150
18 14 18 154
18 14 19 158
18 14 20 162
18 14 21 166
18 15 2 92
18 15 3 96
18 15 4 100
18 15 5 104
18 15 6 108
18 15 7 112
18 15 8 116
18 15 9 120
18 15 10 124
18 15 11 128
18 15 12 132
18 15 13 136
18 15 14 140
18 15 15 144
18 15 16 148
18 15 17 152
18 15 18 156
18 15 19 160
18 15 20 164
18 15 21 168
18 16 2 94
18 16 3 98
18 16 4 102
18 16 5 106
18 16 6 110
18 16 7 114
18 16 8 118
18 16 9 122
18 16 10 126
18 16 11 130
18 16 12 134
18 16 13 138
18 16 14 142
18 16 15 146
18 16 16 150
18 16 17 154
18 16 18 158
18 16 19 162
18 16 20 166
18 16 21 170
18 17 2 96
18 17 3 100
18 17 4 104
18 17 5 108
18 17 6 112
18 17 7 116
18 17 8 120
18 17 9 124
18 17 10 128
18 17 11 132
18 17 12 136
18 17 13 140
18 17 14 144
18 17 15 148
18 17 16 152
18 17 17 156
18 17 18 160
18 17 19 164
18 17 20 168
18 17 21 172
18 18 2 98
18 18 3 102
18 18 4 106
18 18 5 110
18 18 6 114
18 18 7 118
18 18 8 122
18 18 9 126
18 18 10 130
18 18 11 134
18 18 12 138
18 18 13 142
18 18 14 146
18 18 15 150
18 18 16 154
18 18 17 158
18 18 18 162
18 18 19 166
18 18 20 170
18 18 21 174
18 19 2 100
18 19 3 104
18 19 4 108
18 19 5 112
18 19 6 116
18 19 7 120
18 19 8 124
18 19 9 128
18 19 10 132
18 19 11 136
18 19 12 140
18 19 13 144
18 19 14 148
18 19 15 152
18 19 16 156
18 19 17 160
18 19 18 164
18 19 19 168
18 19 20 172
18 19 21 176
18 20 2 102
18 20 3 106
18 20 4 110
18 20 5 114
18 20 6 118
18 20 7 122
18 20 8 126
18 20 9 130
18 20 10 134
18 20 11 138
18 20 12 142
18 20 13 146
18 20 14 150
18 20 15 154
18 20 16 158
18 20 17 162
18 20 18 166
18 20 19 170
18 20 20 174
18 20 21 178
18 21 2 104
18 21 3 108
18 21 4 112
18 21 5 116
18 21 6 120
18 21 7 124
18 21 8 128
18 21 9 132
18 21 10 136
18 21 11 140
18 21 12 144
18 21 13 148
18 21 14 152
18 21 15 156
18 21 16 160
18 21 17 164
18 21 18 168
18 21 19 172
18 21 20 176
18 21 21 180
18 22 2 106
18 22 3 110
18 22 4 114
18 22 5 118
18 22 6 122
18 22 7 126
18 22 8 130
18 22 9 134
18 22 10 138
18 22 11 142
18 22 12 146
18 22 13 150
18 22 14 154
18 22 15 158
18 22 16 162
18 22 17 166
18 22 18 170
18 22 19 174
18 22 20 178
18 22 21 182
18 23 2 108
18 23 3 112
18 23 4 116
18 23 5 120
18 23 6 124
18 23 7 128
18 23 8 132
18 23 9 136
18 23 10 140
18 23 11 144
18 23 12 148
18 23 13 152
18 23 14 156
18 23 15 160
18 23 16 164
18 23 17 168
18 23 18 172
18 23 19 176
18 23 20 180
18 23 21 184
18 24 2 110
18 24 3 114
18 24 4 118
18 24 5 122
18 24 6 126
18 24 7 130
18 24 8 134
18 24 9 138
18 24 10 142
18 24 11 146
18 24 12 150
18 24 13 154
18 24 14 158
18 24 15 162
18 24 16 166
18 24 17 170
18 24 18 174
18 24 19 178
18 24 20 182
18 24 21 186
18 25 2 112
18 25 3 116
18 25 4 120
18 25 5 124
18 25 6 128
18 25 7 132
18 25 8 136
18 25 9 140
18 25 10 144
18 25 11 148
18 25 12 152
18 25 13 156
18 25 14 160
18 25 15 164
18 25 16 168
18 25 17 172
18 25 18 176
18 25 19 180
18 25 20 184
18 25 21 188
18 26 2 114
18 26 3 118
18 26 4 122
18 26 5 126
18 26 6 130
18 26 7 134
18 26 8 138
18 26 9 142
18 26 10 146
18 26 11 150
18 26 12 154
18 26 13 158
18 26 14 162
18 26 15 166
18 26 16 170
18 26 17 174
18 26 18 178
18 26 19 182
18 26 20 186
18 26 21 190
18 27 2 116
18 27 3 120
18 27 4 124
18 27 5 128
18 27 6 132
18 27 7 136
18 27 8 140
18 27 9 144
18 27 10 148
18 27 11 152
18 27 12 156
18 27 13 160
18 27 14 164
18 27 15 168
18 27 16 172
18 27 17 176
18 27 18 180
18 27 19 184
18 27 20 188
18 27 21 192
18 28 2 118
18 28 3 122
18 28 4 126
18 28 5 130
18 28 6 134
18 28 7 138
18 28 8 142
18 28 9 146
18 28 10 150
18 28 11 154
18 28 12 158
18 28 13 162
18 28 14 166
18 28 15 170
18 28 16 174
18 28 17 178
18 28 18 182
18 28 19 186
18 28 20 190
18 28 21 194
18 29 2 120
18 29 3 124
18 29 4 128
18 29 5 132
18 29 6 136
18 29 7 140
18 29 8 144
18 29 9 148
18 29 10 152
18 29 11 156
18 29 12 160
18 29 13 164
18 29 14 168
18 29 15 172
18 29 16 176
18 29 17 180
18 29 18 184
18 29 19 188
18 29 20 192
18 29 21 196
19 10 2 85
19 10 3 89
19 10 4 93
19 10 5 97
19 10 6 101
19 10 7 105
19 10 8 109
19 10 9 113
19 10 10 117
19 10 11 121
19 10 12 125
19 10 13 129
19 10 14 133
19 10 15 137
19 10 16 141
19 10 17 145
19 10 18 149
19 10 19 153
19 10 20 157
19 10 21 161
19 11 2 87
19 11 3 91
19 11 4 95
19 11 5 99
19 11 6 103
19 11 7 107
19 11 8 111
19 11 9 115
19 11 10 119
19 11 11 123
19 11 12 127
19 11 13 131
19 11 14 135
19 11 15 139
19 11 16 143
19 11 17 147
19 11 18 151
19 11 19 155
19 11 20 159
19 11 21 163
19 12 2 89
19 12 3 93
19 12 4 97
19 12 5 101
19 12 6 105
19 12 7 109
19 12 8 113
19 12 9 117
19 12 10 121
19 12 11 125
19 12 12 129
19 12 13 133
19 12 14 137
19 12 15 141
19 12 16 145
19 12 17 149
19 12 18 153
19 12 19 157
19 12 20 161
19 12 21 165
19 13 2 91
19 13 3 95
19 13 4 99
19 13 5 103
19 13 6 107
19 13 7 111
19 13 8 115
19 13 9 119
19 13 10 123
19 13 11 127
19 13 12 131
19 13 13 135
19 13 14 139
19 13 15 143
19 13 16 147
19 13 17 151
19 13 18 155
19 13 19 159
19 13 20 163
19 13 21 167
19 14 2 93
19 14 3 97
19 14 4 101
19 14 5 105
19 14 6 109
19 14 7 113
19 14 8 117
19 14 9 121
19 14 10 125
19 14 11 129
19 14 12 133
19 14 13 137
19 14 14 141
19 14 15 145
19 14 16 149
19 14 17 153
19 14 18 157
19 14 19 161
19 14 20 165
19 14 21 169
19 15 2 95
19 15 3 99
19 15 4 103
19 15 5 107
19 15 6 111
19 15 7 115
19 15 8 119
19 15 9 123
19 15 10 127
19 15 11 131
19 15 12 135
19 15 13 139
19 15 14 143
19 15 15 147
19 15 16 151
19 15 17 155
19 15 18 159
19 15 19 163
19 15 20 167
19 15 21 171
19 16 2 97
19 16 3 101
19 16 4 105
19 16 5 109
19 16 6 113
19 16 7 117
19 16 8 121
19 16 9 125
19 16 10 129
19 16 11 133
19 16 12 137
19 16 13 141
19 16 14 145
19 16 15 149
19 16 16 153
19 16 17 157
19 16 18 161
19 16 19 165
19 16 20 169
19 16 21 173
19 17 2 99
19 17 3 103
19 17 4 107
19 17 5 111
19 17 6 115
19 17 7 119
19 17 8 123
19 17 9 127
19 17 10 131
19 17 11 135
19 17 12 139
19 17 13 143
19 17 14 147
19 17 15 151
19 17 16 155
19 17 17 159
19 17 18 163
19 17 19 167
19 17 20 171
19 17 21 175
19 18 2 101
19 18 3 105
19 18 4 109
19 18 5 113
19 18 6 117
19 18 7 121
19 18 8 125
19 18 9 129
19 18 10 133
19 18 11 137
19 18 12 141
19 18 13 145
19 18 14 149
19 18 15 153
19 18 16 157
19 18 17 161
19 18 18 165
19 18 19 169
19 18 20 173
19 18 21 177
19 19 2 103
19 19 3 107
19 19 4 111
19 19 5 115
19 19 6 119
19 19 7 123
19 19 8 127
19 19 9 131
19 19 10 135
19 19 11 139
19 19 12 143
19 19 13 147
19 19 14 151
19 19 15 155
19 19 16 159
19 19 17 163
19 19 18 167
19 19 19 171
19 19 20 175
19 19 21 179
19 20 2 105
19 20 3 109
19 20 4 113
19 20 5 117
19 20 6 121
19 20 7 125
19 20 8 129
19 20 9 133
19 20 10 137
19 20 11 141
19 20 12 145
19 20 13 149
19 20 14 153
19 20 15 157
19 20 16 161
19 20 17 165
19 20 18 169
19 20 19 173
19 20 20 177
19 20 21 181
19 21 2 107
19 21 3 111
19 21 4 115
19 21 5 119
19 21 6 123
19 21 7 127
19 21 8 131
19 21 9 135
19 21 10 139
19 21 11 143
19 21 12 147
19 21 13 151
19 21 14 155
19 21 15 159
19 21 16 163
19 21 17 167
19 21 18 171
19 21 19 175
19 21 20 179
19 21 21 183
19 22 2 109
19 22 3 113
19 22 4 117
19 22 5 121
19 22 6 125
19 22 7 129
19 22 8 133
19 22 9 137
19 22 10 141
19 22 11 145
19 22 12 149
19 22 13 153
19 22 14 157
19 22 15 161
19 22 16 165
19 22 17 169
19 22 18 173
19 22 19 177
19 22 20 181
19 22 21 185
19 23 2 111
19 23 3 115
19 23 4 119
19 23 5 123
19 23 6 127
19 23 7 131
19 23 8 135
19 23 9 139
19 23 10 143
19 23 11 147
19 23 12 151
19 23 13 155
19 23 14 159
19 23 15 163
19 23 16 167
19 23 17 171
19 23 18 175
19 23 19 179
19 23 20 183
19 23 21 187
19 24 2 113
19 24 3 117
19 24 4 121
19 24 5 125
19 24 6 129
19 24 7 133
19 24 8 137
19 24 9 141
19 24 10 145
19 24 11 149
19 24 12 153
19 24 13 157
19 24 14 161
19 24 15 165
19 24 16 169
19 24 17 173
19 24 18 177
19 24 19 181
19 24 20 185
19 24 21 189
19 25 2 115
19 25 3 119
19 25 4 123
19 25 5 127
19 25 6 131
19 25 7 135
19 25 8 139
19 25 9 143
19 25 10 147
19 25 11 151
19 25 12 155
19 25 13 159
19 25 14 163
19 25 15 167
19 25 16 171
19 25 17 175
19 25 18 179
19 25 19 183
19 25 20 187
19 25 21 191
19 26 2 117
19 26 3 121
19 26 4 125
19 26 5 129
19 26 6 133
19 26 7 137
19 26 8 141
19 26 9 145
19 26 10 149
19 26 11 153
19 26 12 157
19 26 13 161
19 26 14 165
19 26 15 169
19 26 16 173
19 26 17 177
19 26 18 181
19 26 19 185
19 26 20 189
19 26 21 193
19 27 2 119
19 27 3 123
19 27 4 127
19 27 5 131
19 27 6 135
19 27 7 139
19 27 8 143
19 27 9 147
19 27 10 151
19 27 11 155
19 27 12 159
19 27 13 163
19 27 14 167
19 27 15 171
19 27 16 175
19 27 17 179
19 27 18 183
19 27 19 187
19 27 20 191
19 27 21 195
19 28 2 121
19 28 3 125
19 28 4 129
19 28 5 133
19 28 6 137
19 28 7 141
19 28 8 145
19 28 9 149
19 28 10 153
19 28 11 157
19 28 12 161
19 28 13 165
19 28 14 169
19 28 15 173
19 28 16 177
19 28 17 181
19 28 18 185
19 28 19 189
19 28 20 193
19 28 21 197
19 29 2 123
19 29 3 127
19 29 4 131
19 29 5 135
19 29 6 139
19 29 7 143
19 29 8 147
19 29 9 151
19 29 10 155
19 29 11 159
19 29 12 163
19 29 13 167
19 29 14 171
19 29 15 175
19 29 16 179
19 29 17 183
19 29 18 187
19 29 19 191
19 29 20 195
19 29 21 199
